地方整備局等番号,開発建設部／都道府県コード,常時観測点コード,収集時間フラグ（5分間／1時間）,観測年月日,時間帯,上り・小型交通量,上り・大型交通量,上り・車種判別不能交通量,上り・停電,上り・ループ異常,上り・超音波異常,上り・欠測,下り・小型交通量,下り・大型交通量,下り・車種判別不能交通量,下り・停電,下り・ループ異常,下り・超音波異常,下り・欠測,道路種別,時間コード,lat,lng,lng2,lat2,カメラプリセット位置,気象影響による映像不良,照度不足,突発事象（交通事故等）,サーバの稼働,カメラの映像受信,映像のデコード処理,デコード映像から映像解析機能への取込加工処理の失敗,映像解析機能のフリーズ,その他エラー
87,,7110100,1,20250605,2305,2,0,0,0,0,0,0,0,0,0,0,0,0,0,3,202506052305,35.525440034486614,134.401402,,,,,,,,,,,,
87,,7110120,1,20250605,2305,2,0,0,0,0,0,0,0,0,0,0,0,0,0,3,202506052305,35.52073503448066,133.602321,,,,,,,,,,,,
87,,7110130,1,20250605,2305,9,6,0,0,0,0,0,3,4,0,0,0,0,0,3,202506052305,35.41880503435098,133.370183,,,,,,,,,,,,
87,,7110220,1,20250605,2305,1,0,0,0,0,0,0,2,1,0,0,0,0,0,3,202506052305,35.19265103405972,134.203535,,,,,,,,,,,,
87,,7310050,1,20250605,2305,1,0,0,0,0,0,0,0,0,0,0,0,0,0,3,202506052305,35.52642103448786,134.014803,,,,,,,,,,,,
87,,7310070,1,20250605,2305,3,1,0,0,0,0,0,1,0,0,0,0,0,0,3,202506052305,35.51442503447265,134.020507,,,,,,,,,,,,
87,,7310080,1,20250605,2305,4,3,0,0,0,0,0,6,3,0,0,0,0,0,3,202506052305,35.50773503446417,133.951629,,,,,,,,,,,,
87,,7310100,1,20250605,2305,4,0,0,0,0,0,0,0,0,0,0,0,0,0,3,202506052305,35.508808034465545,133.493736,,,,,,,,,,,,
87,,7310130,1,20250605,2305,3,0,0,0,0,0,0,4,0,0,0,0,0,0,3,202506052305,35.419582034351976,134.259336,,,,,,,,,,,,
87,,7310190,1,20250605,2305,0,0,0,0,0,1,0,0,0,0,0,0,1,0,3,202506052305,35.48752003443851,134.19798,,,,,,,,,,,,
87,,7310200,1,20250605,2305,9,1,0,0,0,0,0,2,0,0,0,0,0,0,3,202506052305,35.56082603453137,134.284636,,,,,,,,,,,,
87,,7310210,1,20250605,2305,9,1,0,0,0,0,0,6,1,0,0,0,0,0,3,202506052305,35.50841503446504,133.518074,,,,,,,,,,,,
87,,7310220,1,20250605,2305,5,0,0,0,0,0,0,4,1,0,0,0,0,0,3,202506052305,35.527027804488625,134.13269444,,,,,,,,,,,,
87,,7310230,1,20250605,2305,10,2,0,0,0,0,0,3,0,0,0,0,0,0,3,202506052305,35.51102780446835,134.20186111,,,,,,,,,,,,
87,,7310240,1,20250605,2305,2,0,0,0,0,0,0,1,0,0,0,0,0,0,3,202506052305,35.397000034323106,134.20377777,,,,,,,,,,,,
87,,7310250,1,20250605,2305,1,1,0,0,0,0,0,0,1,0,0,0,0,0,3,202506052305,35.21870003409352,134.3247,,,,,,,,,,,,
87,,7310610,1,20250605,2305,2,0,0,0,0,0,0,0,1,0,0,0,0,0,3,202506052305,35.49457003444746,134.1603,,,,,,,,,,,,
87,,7310620,1,20250605,2305,8,2,0,0,0,0,0,5,3,0,0,0,0,0,3,202506052305,35.50153003445631,134.0804,,,,,,,,,,,,
87,,7310630,1,20250605,2305,8,3,0,0,0,0,0,8,1,0,0,0,0,0,3,202506052305,35.49990003445423,134.0626,,,,,,,,,,,,
87,,7310640,1,20250605,2305,6,1,0,0,0,0,0,11,1,0,0,0,0,0,3,202506052305,35.50860003446527,134.0108,,,,,,,,,,,,
87,,7360010,1,20250605,2305,1,2,0,0,0,0,0,3,2,0,0,0,0,0,1,202506052305,35.032454033850506,134.387568,,,,,,,,,,,,
87,,7360020,1,20250605,2305,1,3,0,0,0,0,0,2,2,0,0,0,0,0,1,202506052305,35.07606803390771,134.346092,,,,,,,,,,,,
87,,7360030,1,20250605,2305,0,0,0,0,0,0,0,9,4,0,0,0,0,0,3,202506052305,35.238191034118756,134.286932,,,,,,,,,,,,
87,,7360040,1,20250605,2305,0,2,0,0,0,0,0,0,0,0,0,0,0,0,3,202506052305,35.284722034178905,134.227547,,,,,,,,,,,,
87,,7360060,1,20250605,2305,3,4,0,0,0,0,0,0,0,0,0,0,0,0,1,202506052305,35.35362703426754,134.194581,,,,,,,,,,,,
87,,7360070,1,20250605,2305,0,0,0,0,0,0,0,5,3,0,0,0,0,0,1,202506052305,35.37911003430021,134.204798,,,,,,,,,,,,
87,,7360080,1,20250605,2305,1,1,0,0,0,0,0,0,0,0,0,0,0,0,1,202506052305,35.39104203431548,134.20339,,,,,,,,,,,,
87,,7360090,1,20250605,2305,7,1,0,0,0,0,0,7,4,0,0,0,0,0,1,202506052305,35.40772703433684,134.206955,,,,,,,,,,,,
87,,7360100,1,20250605,2305,3,1,0,0,0,0,0,3,2,0,0,0,0,0,1,202506052305,35.45862225662396,134.193141666666,,,,,,,,,,,,
87,,7360110,1,20250605,2305,1,3,0,0,0,0,0,2,3,0,0,0,0,0,1,202506052305,35.113784033957025,134.331458,,,,,,,,,,,,
88,,8110010,1,20250605,2305,4,2,0,0,0,0,0,0,2,0,0,0,0,0,3,202506052305,34.2207184500313,134.411544799804,,,,,,,,,,,,
88,,8110020,1,20250605,2305,26,3,0,0,0,0,0,6,2,0,0,0,0,0,3,202506052305,34.30277465209332,134.084776639938,,,,,,,,,,,,
88,,8110030,1,20250605,2305,23,2,0,0,0,0,0,19,5,0,0,0,0,0,3,202506052305,34.29671450737887,133.946895003318,,,,,,,,,,,,
88,,8110040,1,20250605,2305,4,2,0,0,0,0,0,5,0,0,0,0,0,0,3,202506052305,34.17417938671837,133.715951442718,,,,,,,,,,,,
88,,8110050,1,20250605,2305,4,0,0,0,0,0,0,3,1,0,0,0,0,0,3,202506052305,33.91236267641698,133.20324182510302,,,,,,,,,,,,
88,,8110060,1,20250605,2305,5,3,0,0,0,0,0,3,1,0,0,0,0,0,3,202506052305,33.82431235182997,132.984384298324,,,,,,,,,,,,
88,,8110070,1,20250605,2305,4,0,0,0,0,0,0,13,2,0,0,0,0,0,3,202506052305,34.28544169692582,134.00050163269,,,,,,,,,,,,
88,,8110080,1,20250605,2305,1,0,0,0,0,0,0,2,1,0,0,0,0,0,3,202506052305,34.10608825909625,133.799223303794,,,,,,,,,,,,
88,,8110090,1,20250605,2305,9,2,0,0,0,0,0,5,2,0,0,0,0,0,3,202506052305,34.028957826825085,133.828164339065,,,,,,,,,,,,
88,,8110100,1,20250605,2305,1,0,0,0,0,0,0,0,0,0,0,0,0,0,3,202506052305,33.950764901704936,133.764853477478,,,,,,,,,,,,
88,,8110110,1,20250605,2305,2,1,0,0,0,1,0,6,2,0,0,0,0,0,3,202506052305,33.58909346194513,133.626092746853,,,,,,,,,,,,
88,,8110115,1,20250605,2305,4,1,0,0,0,0,0,9,0,0,0,0,0,0,3,202506052305,33.548205918990114,133.451582193374,,,,,,,,,,,,
88,,8110120,1,20250605,2305,1,1,0,0,0,0,0,6,2,0,0,0,0,0,3,202506052305,33.543133969132924,133.402808904647,,,,,,,,,,,,
88,,8110130,1,20250605,2305,10,1,0,0,0,0,0,2,0,0,0,0,0,0,3,202506052305,33.7476978963593,132.791587114334,,,,,,,,,,,,
88,,8110131,1,20250605,2305,1,0,0,0,0,0,0,4,2,0,0,0,0,0,3,202506052305,33.793408870729856,134.592427611351,,,,,,,,,,,,
88,,8110140,1,20250605,2305,0,0,0,0,0,0,0,0,0,0,0,0,0,0,3,202506052305,33.63466659400443,134.369745254516,,,,,,,,,,,,
88,,8110142,1,20250605,2305,0,0,0,0,0,0,0,2,0,0,0,0,0,0,3,202506052305,33.74774819013548,134.53964678124,,,,,,,,,,,,
88,,8110150,1,20250605,2305,0,0,0,0,0,0,0,1,0,0,0,0,0,0,3,202506052305,33.54318503179848,134.2936,,,,,,,,,,,,
88,,8110151,1,20250605,2305,2,0,0,0,0,0,0,0,1,0,0,0,0,0,3,202506052305,33.42133103162269,134.025327,,,,,,,,,,,,
88,,8110160,1,20250605,2305,9,1,0,0,0,0,0,8,0,0,0,0,0,0,3,202506052305,33.53924497073882,133.738444460766,,,,,,,,,,,,
88,,8110161,1,20250605,2305,0,0,0,0,0,0,0,0,0,0,0,0,0,0,3,202506052305,33.520916544031145,133.780702650547,,,,,,,,,,,,
88,,8110162,1,20250605,2305,0,0,0,0,0,0,0,0,0,0,0,0,0,0,3,202506052305,33.550342371512876,133.740176352243,,,,,,,,,,,,
88,,8110163,1,20250605,2305,0,0,0,0,0,0,0,0,0,0,0,0,0,0,3,202506052305,33.55352220956595,133.721816021769,,,,,,,,,,,,
88,,8110164,1,20250605,2305,0,0,0,0,0,0,0,0,0,0,0,0,0,0,3,202506052305,33.57127484589016,133.574287891387,,,,,,,,,,,,
88,,8110165,1,20250605,2305,4,1,0,0,0,0,0,10,0,0,0,0,0,0,3,202506052305,33.56026408468244,133.633757829666,,,,,,,,,,,,
88,,8110166,1,20250605,2305,3,0,0,0,0,0,0,8,0,0,0,0,0,0,3,202506052305,33.540965031795295,133.601005,,,,,,,,,,,,
88,,8110167,1,20250605,2305,1,0,0,0,0,0,0,5,0,0,0,0,0,0,3,202506052305,33.5424317654246,133.583077945611,,,,,,,,,,,,
88,,8110170,1,20250605,2305,3,0,0,0,0,0,0,9,3,0,0,0,0,0,3,202506052305,33.485055031714765,133.373125,,,,,,,,,,,,
88,,8110171,1,20250605,2305,0,0,0,0,0,0,0,0,0,0,0,0,0,0,3,202506052305,33.40395558523113,133.288643360137,,,,,,,,,,,,
88,,8110172,1,20250605,2305,0,0,0,0,0,0,0,0,0,0,0,0,0,0,3,202506052305,33.39236677628474,133.278601169586,,,,,,,,,,,,
88,,8110174,1,20250605,2305,0,0,0,0,0,0,0,0,0,0,0,0,0,0,3,202506052305,33.18330330083646,133.144855499267,,,,,,,,,,,,
88,,8110180,1,20250605,2305,0,0,0,0,0,0,0,0,0,0,0,0,0,0,3,202506052305,33.35817590038214,133.253152370452,,,,,,,,,,,,
88,,8110181,1,20250605,2305,0,0,0,0,0,0,0,3,0,0,0,0,0,0,3,202506052305,32.974388919857596,132.933138888889,,,,,,,,,,,,
88,,8110182,1,20250605,2305,2,0,0,0,0,0,0,3,1,0,0,0,0,0,3,202506052305,32.96811114207051,132.872277777778,,,,,,,,,,,,
88,,8110183,1,20250605,2305,5,0,0,0,0,0,0,4,0,0,0,0,0,0,3,202506052305,32.95902780872377,132.776972222222,,,,,,,,,,,,
88,,8110190,1,20250605,2305,0,1,0,0,0,0,0,2,0,0,0,0,0,0,3,202506052305,32.96996536793415,132.68920719623503,,,,,,,,,,,,
88,,8110191,1,20250605,2305,4,0,0,0,0,0,0,0,0,0,0,0,0,0,3,202506052305,33.13903103121127,132.517477,,,,,,,,,,,,
88,,8110192,1,20250605,2305,6,0,0,0,0,0,0,1,0,0,0,0,0,0,3,202506052305,33.14590213224344,132.52205863595,,,,,,,,,,,,
88,,8110200,1,20250605,2305,6,1,0,0,0,0,0,2,0,0,0,0,0,0,3,202506052305,33.325562031483756,132.5285,,,,,,,,,,,,
88,,8110210,1,20250605,2305,13,0,0,0,0,0,0,23,3,1,0,0,0,0,3,202506052305,33.81637909326473,132.744826823472,,,,,,,,,,,,
88,,8110230,1,20250605,2305,12,0,0,0,0,0,0,18,1,0,0,0,0,0,3,202506052305,34.07022914227441,134.461130797863,,,,,,,,,,,,
88,,8110231,1,20250605,2305,6,0,0,0,0,0,0,2,1,0,0,0,0,0,3,202506052305,34.03847794648641,134.520513564348,,,,,,,,,,,,
88,,8110232,1,20250605,2305,9,0,0,0,0,0,0,7,0,0,0,0,0,0,3,202506052305,34.04120064204002,134.531005024909,,,,,,,,,,,,
88,,8110240,1,20250605,2305,1,1,0,0,0,0,0,3,0,0,0,0,0,0,3,202506052305,34.03149633348104,132.829599380493,,,,,,,,,,,,
88,,8110250,1,20250605,2305,2,1,0,0,0,0,0,8,0,0,0,0,0,0,3,202506052305,33.93004373774009,133.094837665557,,,,,,,,,,,,
88,,8111021,1,20250605,2305,3,0,0,0,0,0,0,5,0,0,0,0,0,0,3,202506052305,33.50191403173908,133.309236,,,,,,,,,,,,
88,,8160020,1,20250605,2305,1,0,0,0,0,0,0,3,3,0,0,0,0,0,1,202506052305,33.331092031491806,133.206098,,,,,,,,,,,,
88,,8160030,1,20250605,2305,0,0,0,0,0,0,0,4,0,0,0,0,0,0,1,202506052305,33.23544203135242,133.159939,,,,,,,,,,,,
88,,8160040,1,20250605,2305,0,0,0,0,0,0,0,0,0,0,0,0,0,0,1,202506052305,33.24742026280611,132.570131868124,,,,,,,,,,,,
88,,8160050,1,20250605,2305,0,0,0,0,0,0,0,0,0,0,0,0,0,0,1,202506052305,33.33622666521378,132.557060122489,,,,,,,,,,,,
88,,8160060,1,20250605,2305,4,0,0,0,0,0,0,5,2,0,0,0,0,0,1,202506052305,34.056139032526026,134.588624,,,,,,,,,,,,
88,,8310010,1,20250605,2305,21,3,0,0,0,0,0,14,3,0,0,0,0,0,3,202506052305,34.152121047215225,134.579402804374,,,,,,,,,,,,
88,,8310020,1,20250605,2305,9,0,0,0,0,0,0,8,2,0,0,0,0,0,3,202506052305,34.335875041773484,134.151295423507,,,,,,,,,,,,
88,,8310030,1,20250605,2305,13,0,0,0,0,0,0,4,1,0,0,0,0,0,3,202506052305,33.79997204409725,132.86443054676,,,,,,,,,,,,
88,,8310040,1,20250605,2305,9,0,0,0,0,0,0,23,2,0,0,0,0,0,3,202506052305,34.239532652899726,133.895906209945,,,,,,,,,,,,
88,,8310050,1,20250605,2305,0,0,0,0,0,0,0,2,5,0,0,0,0,0,3,202506052305,33.797668032162,133.760304,,,,,,,,,,,,
88,,8310060,1,20250605,2305,0,0,0,0,0,0,0,1,0,0,0,0,0,0,3,202506052305,33.54154672048833,133.042341470718,,,,,,,,,,,,
88,,8310061,1,20250605,2305,13,1,0,0,0,0,0,6,1,0,0,0,0,0,3,202506052305,33.80675451706518,132.745272070169,,,,,,,,,,,,
88,,8310062,1,20250605,2305,0,1,0,0,0,0,0,4,1,0,0,0,0,0,3,202506052305,33.814776032186245,132.720319,,,,,,,,,,,,
88,,8310070,1,20250605,2305,18,1,0,0,0,0,0,27,2,0,0,0,0,0,3,202506052305,34.0102656781917,134.566428959369,,,,,,,,,,,,
88,,8310080,1,20250605,2305,8,0,0,0,0,0,0,21,1,0,0,0,0,0,3,202506052305,33.9732071371816,134.633932113647,,,,,,,,,,,,
88,,8310090,1,20250605,2305,5,0,0,0,0,0,0,3,0,0,0,0,0,0,3,202506052305,33.16601659984814,133.133375644683,,,,,,,,,,,,
88,,8310110,1,20250605,2305,5,1,0,0,0,0,0,7,2,0,0,0,0,0,3,202506052305,33.4066250316014,132.509843,,,,,,,,,,,,
88,,8310120,1,20250605,2305,8,1,0,0,0,0,0,4,0,0,0,0,0,0,3,202506052305,33.504510031742804,132.56675,,,,,,,,,,,,
88,,8310130,1,20250605,2305,6,0,0,0,0,0,0,5,0,0,0,0,0,0,3,202506052305,33.53462955300938,132.597781419754,,,,,,,,,,,,
88,,8310140,1,20250605,2305,2,0,0,0,0,0,0,1,0,0,0,0,0,0,3,202506052305,33.6125750318981,132.68712,,,,,,,,,,,,
88,,8310150,1,20250605,2305,1,1,0,0,0,0,0,1,1,0,0,0,0,0,3,202506052305,34.0401782523243,134.018440246582,,,,,,,,,,,,
88,,8310160,1,20250605,2305,6,0,0,0,0,0,0,17,0,1,0,0,0,0,3,202506052305,33.89056122326423,132.757075130939,,,,,,,,,,,,
89,,9110010,1,20250605,2305,7,1,0,0,0,0,0,20,0,0,0,0,0,0,3,202506052305,33.86399103225591,130.750068,,,,,,,,,,,,
89,,9110040,1,20250605,2305,9,2,0,0,0,0,0,11,0,0,0,0,0,0,3,202506052305,32.565580030358504,130.688167,,,,,,,,,,,,
89,,9110050,1,20250605,2305,8,3,0,0,0,0,0,11,1,0,0,0,0,0,3,202506052305,32.50104503026118,130.627862,,,,,,,,,,,,
89,,9110060,1,20250605,2305,5,2,0,0,0,0,0,2,0,0,0,0,0,0,3,202506052305,31.848210029262603,130.249002,,,,,,,,,,,,
89,,9110070,1,20250605,2305,2,0,0,0,0,0,0,0,0,0,0,0,0,0,3,202506052305,31.65408502896101,130.444438,,,,,,,,,,,,
89,,9110090,1,20250605,2305,6,5,0,0,0,0,0,7,4,0,0,0,0,0,3,202506052305,33.56354563182774,131.1769035,,,,,,,,,,,,
89,,9110110,1,20250605,2305,37,0,0,0,0,0,0,33,0,0,0,0,0,0,3,202506052305,33.248593781371625,131.5788746,,,,,,,,,,,,
89,,9110120,1,20250605,2305,1,0,0,0,0,0,0,0,0,0,0,0,0,0,3,202506052305,32.83826903076675,131.716873,,,,,,,,,,,,
89,,9110140,1,20250605,2305,4,1,0,0,0,0,0,3,2,0,0,0,0,0,3,202506052305,32.26510002990319,131.560352,,,,,,,,,,,,
89,,9110150,1,20250605,2305,2,1,0,0,0,0,0,2,0,0,0,0,0,0,3,202506052305,31.853840029271314,131.136144,,,,,,,,,,,,
89,,9110160,1,20250605,2305,3,3,0,0,0,0,0,4,1,0,0,0,0,0,3,202506052305,31.710555029048958,130.774553,,,,,,,,,,,,
89,,9110180,1,20250605,2305,27,6,0,0,0,0,0,11,0,0,0,0,0,0,3,202506052305,31.647696028951053,130.604758,,,,,,,,,,,,
89,,9110190,1,20250605,2305,8,1,0,0,0,0,0,12,4,0,0,0,0,0,3,202506052305,33.3577350315305,130.488663,,,,,,,,,,,,
89,,9110200,1,20250605,2305,4,0,0,0,0,0,0,7,1,0,0,0,0,0,3,202506052305,33.19609887129489,130.0312792,,,,,,,,,,,,
89,,9110210,1,20250605,2305,,,,0,0,0,1,,,,0,0,0,1,3,202506052305,32.82226403074293,129.973018,,,,,,,,,,,,
89,,9110230,1,20250605,2305,2,0,0,0,0,0,0,1,0,0,0,0,0,0,3,202506052305,32.95195803093551,131.35466,,,,,,,,,,,,
89,,9110240,1,20250605,2305,6,3,0,0,0,0,0,11,3,0,0,0,0,0,3,202506052305,33.669370031979355,130.847832,,,,,,,,,,,,
89,,9110280,1,20250605,2305,0,0,0,0,0,0,0,5,0,0,0,0,0,0,3,202506052305,33.34785503151616,130.0187991,,,,,,,,,,,,
89,,9110290,1,20250605,2305,0,1,0,0,0,0,0,7,1,0,0,0,0,0,3,202506052305,32.97125925096407,130.445357,,,,,,,,,,,,
89,,9110330,1,20250605,2305,1,0,0,0,0,0,0,3,1,0,0,0,0,0,3,202506052305,31.397327868559113,130.7858165,,,,,,,,,,,,
89,,9110340,1,20250605,2305,3,0,0,0,0,0,0,3,0,0,0,0,0,0,3,202506052305,31.452851608646302,130.7281932,,,,,,,,,,,,
89,,9210010,1,20250605,2305,12,3,0,0,0,0,0,26,0,0,0,0,0,0,3,202506052305,33.592535911869355,130.4326835,,,,,,,,,,,,
89,,9310003,1,20250605,2305,9,0,0,0,0,0,0,15,4,0,0,0,0,0,3,202506052305,33.947867982374184,130.968647,,,,,,,,,,,,
89,,9310005,1,20250605,2305,66,4,0,0,0,0,0,48,2,0,0,0,0,0,3,202506052305,33.678664031992625,130.455156,,,,,,,,,,,,
89,,9310010,1,20250605,2305,19,8,0,0,0,0,0,36,4,0,0,0,0,0,3,202506052305,33.53840303179162,130.485852,,,,,,,,,,,,
89,,9310015,1,20250605,2305,17,17,0,0,0,0,0,17,5,0,0,0,0,0,3,202506052305,33.44660203165923,130.540337,,,,,,,,,,,,
89,,9310017,1,20250605,2305,9,3,0,0,0,0,0,11,2,0,0,0,0,0,3,202506052305,33.323489031480754,130.523608,,,,,,,,,,,,
89,,9310020,1,20250605,2305,2,1,0,0,0,0,0,1,0,0,0,0,0,0,3,202506052305,33.11458003117534,130.669176,,,,,,,,,,,,
89,,9310035,1,20250605,2305,0,0,0,0,0,0,0,0,0,0,0,0,0,0,3,202506052305,32.406040030117445,130.555735,,,,,,,,,,,,
89,,9310045,1,20250605,2305,8,1,0,0,0,0,0,5,2,0,0,0,0,0,3,202506052305,32.16215502974594,130.36789,,,,,,,,,,,,
89,,9310050,1,20250605,2305,0,0,0,0,1,1,1,5,0,0,0,1,0,1,3,202506052305,31.714213029054637,130.275752,,,,,,,,,,,,
89,,9310060,1,20250605,2305,5,1,0,1,0,0,0,8,0,0,1,0,0,0,3,202506052305,32.38562876008649,130.5414069,,,,,,,,,,,,
89,,9310070,1,20250605,2305,8,1,0,0,0,0,0,4,2,0,0,0,0,0,3,202506052305,31.702321029036145,130.297006,,,,,,,,,,,,
89,,9310080,1,20250605,2305,36,4,0,0,0,0,0,11,2,0,0,0,0,0,3,202506052305,33.80588903217365,130.960473,,,,,,,,,,,,
89,,9310085,1,20250605,2305,13,1,0,0,0,0,0,5,3,0,0,0,0,0,3,202506052305,33.54594303180245,131.283198,,,,,,,,,,,,
89,,9310090,1,20250605,2305,6,0,0,0,0,0,0,4,0,0,0,0,0,0,3,202506052305,33.38094503156419,131.540397,,,,,,,,,,,,
89,,9310100,1,20250605,2305,6,2,0,0,0,0,0,14,1,0,0,0,0,0,3,202506052305,33.15920703124086,131.651922,,,,,,,,,,,,
89,,9310115,1,20250605,2305,5,6,0,0,0,0,0,8,4,0,0,0,0,0,3,202506052305,31.726570029073855,131.023972,,,,,,,,,,,,
89,,9310120,1,20250605,2305,19,4,0,0,0,0,0,14,7,0,0,0,0,0,3,202506052305,31.705779029041526,130.613215,,,,,,,,,,,,
89,,9310125,1,20250605,2305,8,0,0,0,0,0,0,11,3,0,0,0,0,0,3,202506052305,33.21761616132637,130.1637701,,,,,,,,,,,,
89,,9310127,1,20250605,2305,7,3,0,0,0,0,0,10,2,0,0,0,0,0,3,202506052305,32.91326503087817,130.976239,,,,,,,,,,,,
89,,9310130,1,20250605,2305,13,3,0,0,0,0,0,9,0,0,0,0,0,0,3,202506052305,32.8754950308221,130.867355,,,,,,,,,,,,
89,,9310140,1,20250605,2305,30,2,0,0,0,0,0,34,2,0,0,0,0,0,3,202506052305,32.820198990739854,130.7572925,,,,,,,,,,,,
89,,9310150,1,20250605,2305,9,0,0,0,0,0,0,4,2,0,0,0,0,0,3,202506052305,32.6779330305273,130.55327,,,,,,,,,,,,
89,,9310155,1,20250605,2305,5,0,0,0,0,0,0,8,0,0,0,0,0,0,3,202506052305,32.76467203065704,130.370667,,,,,,,,,,,,
89,,9310156,1,20250605,2305,1,0,0,0,0,0,0,2,0,0,0,0,0,0,3,202506052305,32.78536503068792,130.199594,,,,,,,,,,,,
89,,9310157,1,20250605,2305,0,3,0,0,0,0,0,2,2,0,0,0,0,0,3,202506052305,33.06696517110531,131.6229634,,,,,,,,,,,,
89,,9310159,1,20250605,2305,1,0,0,0,0,0,0,1,0,0,0,0,0,0,3,202506052305,32.997429031002746,131.434075,,,,,,,,,,,,
89,,9310174,1,20250605,2305,17,2,0,0,0,0,0,26,3,0,0,0,0,0,3,202506052305,33.6275850319196,130.703907,,,,,,,,,,,,
89,,9310180,1,20250605,2305,27,1,0,0,0,0,0,21,0,0,0,0,0,0,3,202506052305,33.57279403184104,130.285973,,,,,,,,,,,,
89,,9310181,1,20250605,2305,9,1,0,0,0,0,0,5,0,0,0,0,0,0,3,202506052305,33.230906841345785,130.3350523,,,,,,,,,,,,
89,,9310183,1,20250605,2305,6,1,0,0,0,0,0,4,0,0,0,0,0,0,3,202506052305,32.9483090309301,130.502942,,,,,,,,,,,,
89,,9310184,1,20250605,2305,5,1,0,0,0,0,0,6,2,0,0,0,0,0,3,202506052305,32.918079150885305,130.6264597,,,,,,,,,,,,
89,,9310185,1,20250605,2305,1,0,0,0,0,0,0,1,0,0,0,0,0,0,3,202506052305,33.37000946154832,129.9447181,,,,,,,,,,,,
89,,9310186,1,20250605,2305,21,1,2,0,0,0,0,22,1,4,0,0,0,0,3,202506052305,33.55795203181972,130.456481,,,,,,,,,,,,
89,,9310187,1,20250605,2305,4,3,0,0,0,0,0,16,2,0,0,0,0,0,3,202506052305,33.504396031742644,130.111167,,,,,,,,,,,,
89,,9310188,1,20250605,2305,1,1,0,0,0,0,0,3,0,0,0,0,0,0,3,202506052305,33.3383090315023,130.64702,,,,,,,,,,,,
89,,9310189,1,20250605,2305,,,,0,0,0,1,,,,0,0,0,1,3,202506052305,33.06535003110294,129.833592,,,,,,,,,,,,
89,,9310191,1,20250605,2305,4,0,0,0,0,0,0,8,1,0,0,0,0,0,3,202506052305,33.18514003127884,130.387366,,,,,,,,,,,,
89,,9310192,1,20250605,2305,4,1,0,0,0,0,0,9,3,0,0,0,0,0,3,202506052305,33.20214803130375,130.361827,,,,,,,,,,,,
89,,9310193,1,20250605,2305,6,2,0,0,0,0,0,14,3,0,0,0,0,0,3,202506052305,33.20855403131311,130.343385,,,,,,,,,,,,
89,,9310195,1,20250605,2305,5,3,0,0,0,0,0,7,2,0,0,0,0,0,3,202506052305,33.32086003147692,130.863524,,,,,,,,,,,,
89,,9310200,1,20250605,2305,1,2,0,0,0,0,0,1,0,0,0,0,0,0,3,202506052305,33.250128031373855,131.295812,,,,,,,,,,,,
89,,9310205,1,20250605,2305,8,0,0,0,0,0,0,5,2,0,0,0,0,0,3,202506052305,33.19671903129579,131.498216,,,,,,,,,,,,
89,,9310210,1,20250605,2305,6,0,0,0,0,0,0,5,0,0,0,0,0,0,3,202506052305,31.816050029212782,131.442962,,,,,,,,,,,,
89,,9310217,1,20250605,2305,0,0,0,0,0,0,0,3,0,0,0,0,0,0,3,202506052305,31.417765998591218,130.99969040000002,,,,,,,,,,,,
89,,9310218,1,20250605,2305,3,0,0,0,0,0,0,6,1,0,0,0,0,0,3,202506052305,31.377286028527593,130.545285,,,,,,,,,,,,
89,,9310219,1,20250605,2305,4,0,0,0,0,0,0,0,0,0,0,0,0,0,3,202506052305,31.56571802882308,130.617867,,,,,,,,,,,,
89,,9310220,1,20250605,2305,4,0,0,0,0,0,0,10,1,0,0,0,0,0,3,202506052305,33.43104381163675,130.0480662,,,,,,,,,,,,
89,,9310470,1,20250605,2305,1,1,0,0,0,0,0,5,2,0,0,0,0,0,3,202506052305,32.24423502987137,130.476053,,,,,,,,,,,,
89,,9310480,1,20250605,2305,0,2,0,0,0,0,0,5,4,0,0,0,0,0,3,202506052305,32.21685802982958,130.428031,,,,,,,,,,,,
89,,9310520,1,20250605,2305,4,1,0,0,0,0,0,5,0,0,0,0,0,0,3,202506052305,32.102630029654726,130.326106,,,,,,,,,,,,
89,,9310550,1,20250605,2305,4,0,0,0,0,0,0,1,0,0,0,0,0,0,3,202506052305,32.056642029584104,130.22874,,,,,,,,,,,,
89,,9310600,1,20250605,2305,0,0,0,0,0,1,1,0,0,0,0,0,0,1,3,202506052305,31.84607502925929,130.257831,,,,,,,,,,,,
89,,9310610,1,20250605,2305,0,0,0,0,0,0,1,0,0,0,0,0,1,1,3,202506052305,31.804655029195118,130.283522,,,,,,,,,,,,
89,,9310620,1,20250605,2305,5,0,0,0,0,0,0,4,2,0,0,0,0,0,3,202506052305,31.759537029125095,130.304217,,,,,,,,,,,,
89,,9310627,1,20250605,2305,3,0,0,0,0,0,0,10,3,0,0,0,0,0,3,202506052305,33.46078103167972,130.044889,,,,,,,,,,,,
89,,9310630,1,20250605,2305,4,0,0,0,0,0,0,11,1,0,0,0,0,0,3,202506052305,33.414414111612686,129.9958886,,,,,,,,,,,,
89,,9310650,1,20250605,2305,8,1,0,0,0,0,0,13,0,0,0,0,0,0,3,202506052305,33.37966119156232,129.933567,,,,,,,,,,,,
89,,9310660,1,20250605,2305,3,3,0,0,0,0,0,3,1,0,0,0,0,0,3,202506052305,33.30074103144764,129.915058,,,,,,,,,,,,
89,,9310710,1,20250605,2305,3,0,0,0,0,0,0,2,0,0,0,0,0,0,3,202506052305,33.323471851480726,129.8060041,,,,,,,,,,,,
89,,9310720,1,20250605,2305,,,,0,0,0,1,,,,0,0,0,1,3,202506052305,33.355059031526615,129.743971,,,,,,,,,,,,
89,,9310730,1,20250605,2305,3,0,0,0,0,0,0,2,0,0,0,0,0,0,3,202506052305,33.34824903151674,129.729277,,,,,,,,,,,,
89,,9360270,1,20250605,2305,0,0,0,0,0,0,0,0,0,0,0,0,0,0,1,202506052305,32.93848103091554,131.866353,,,,,,,,,,,,
89,,9360280,1,20250605,2305,0,0,0,0,0,0,0,0,0,0,0,0,0,0,1,202506052305,32.895717030852126,131.864089,,,,,,,,,,,,
89,,9360290,1,20250605,2305,1,0,0,0,0,0,0,0,0,0,0,0,0,0,1,202506052305,32.80165203071222,131.87728,,,,,,,,,,,,
89,,9360300,1,20250605,2305,0,0,0,0,0,0,0,1,0,0,0,0,0,0,1,202506052305,32.72780503060196,131.827089,,,,,,,,,,,,
89,,9360310,1,20250605,2305,0,0,0,0,0,0,0,0,0,0,0,0,0,0,1,202506052305,32.708018030572354,131.811346,,,,,,,,,,,,
89,,9360320,1,20250605,2305,0,0,0,0,0,0,0,0,0,0,0,0,0,0,1,202506052305,32.66071403050147,131.702707,,,,,,,,,,,,
89,,9360330,1,20250605,2305,0,0,0,0,0,0,0,0,0,0,0,0,0,0,3,202506052305,32.67533903052341,131.725922,,,,,,,,,,,,
89,,9360340,1,20250605,2305,2,0,0,0,0,0,0,0,0,0,0,0,0,0,3,202506052305,32.544601030326895,131.648426,,,,,,,,,,,,
89,,9360350,1,20250605,2305,0,0,0,0,0,0,0,2,0,0,0,0,0,0,1,202506052305,31.69283102902137,131.379337,,,,,,,,,,,,
89,,9360360,1,20250605,2305,2,0,0,0,0,0,0,2,0,0,0,0,0,0,1,202506052305,31.626655028918243,131.387644,,,,,,,,,,,,
89,,9360380,1,20250605,2305,2,0,0,0,0,0,0,0,0,0,0,0,0,0,1,202506052305,31.48338302869418,131.081995,,,,,,,,,,,,
89,,9360385,1,20250605,2305,2,2,0,0,0,0,0,2,0,0,0,0,0,0,1,202506052305,31.46605602866702,131.053459,,,,,,,,,,,,
89,,9360390,1,20250605,2305,3,0,0,0,0,0,0,2,0,0,0,0,0,0,1,202506052305,31.445310028634466,130.99415,,,,,,,,,,,,
89,,9360400,1,20250605,2305,2,0,0,0,0,0,0,2,1,0,0,0,0,0,1,202506052305,31.466282028667365,130.90009,,,,,,,,,,,,
89,,9360410,1,20250605,2305,1,1,0,0,0,0,0,2,1,0,0,0,0,0,1,202506052305,31.521020028753135,130.93081,,,,,,,,,,,,
89,,9360420,1,20250605,2305,3,2,0,0,0,0,0,4,0,0,0,0,0,0,1,202506052305,31.615248748900434,130.9538662,,,,,,,,,,,,
89,,9360430,1,20250605,2305,1,0,0,0,0,0,0,2,0,0,0,0,0,0,1,202506052305,32.749633030634584,130.866625,,,,,,,,,,,,
89,,9360440,1,20250605,2305,0,0,0,0,0,0,0,2,0,0,0,0,0,0,1,202506052305,32.741409030622286,130.89194,,,,,,,,,,,,
89,,9360443,1,20250605,2305,3,0,0,0,0,0,0,2,0,0,0,0,0,0,1,202506052305,32.73097603060669,130.938429,,,,,,,,,,,,
89,,9360465,1,20250605,2305,4,1,0,0,0,0,0,0,0,0,0,0,0,0,3,202506052305,32.69277003054952,131.345815,,,,,,,,,,,,
89,,9360467,1,20250605,2305,1,1,0,0,0,0,0,1,1,0,0,0,0,0,3,202506052305,32.67691003052576,131.36226,,,,,,,,,,,,
89,,9360470,1,20250605,2305,3,1,0,0,0,0,0,3,0,0,0,0,0,0,3,202506052305,32.587591030391636,131.509484,,,,,,,,,,,,
86,,6810130,1,20250605,2305,,,,,,,,,,,,,,,3,202506052305,34.842500033599364,134.330556,,,1,,0,,0,0,0,0,,0
86,,6810360,1,20250605,2305,0,0,,,,,,0,0,,,,,,3,202506052305,35.333611034241834,134.917222,,,0,,1,,0,0,0,0,,0
86,,6810370,1,20250605,2305,1,0,,,,,,0,0,,,,,,3,202506052305,35.38305603430526,134.671667,,,0,,0,,0,0,0,0,,0
86,,6810390,1,20250605,2305,1,0,,,,,,0,1,,,,,,3,202506052305,35.48083303443001,134.585278,,,0,,0,,0,0,0,0,,0
86,,6810400,1,20250605,2305,3,0,,,,,,0,0,,,,,,3,202506052305,35.50388903445929,134.533889,,,0,,0,,0,0,0,0,,0
86,,6810410,1,20250605,2305,1,0,,,,,,0,0,,,,,,3,202506052305,35.5247220344857,134.4275,,,0,,0,,0,0,0,0,,0
86,,6810450,1,20250605,2305,4,0,,,,,,5,0,,,,,,3,202506052305,34.229683032767404,135.169164,,,0,,0,,0,0,0,0,,0
86,,6810560,1,20250605,2305,,,,,,,,,,,,,,,3,202506052305,34.24805603279281,135.175,,,1,,0,,0,0,0,0,,0
86,,6810730,1,20250605,2305,,,,,,,,,,,,,,,3,202506052305,34.85305603361341,134.605278,,,1,,0,,0,0,0,0,,0
86,,6810740,1,20250605,2305,,,,,,,,,,,,,,,3,202506052305,34.87691203364509,134.61312,,,1,,0,,0,0,0,0,,0
86,,6810750,1,20250605,2305,,,,,,,,,,,,,,,3,202506052305,35.07068203390065,134.587422,,,1,,0,,0,0,0,0,,0
86,,6810760,1,20250605,2305,,,,,,,,,,,,,,,3,202506052305,35.145672033998615,134.539014,,,1,,0,,0,0,0,0,,0
86,,6810770,1,20250605,2305,,,,,,,,,,,,,,,3,202506052305,33.692375032012194,135.984591,,,1,,0,,0,0,0,0,,0
86,,6810780,1,20250605,2305,,,,,,,,,,,,,,,3,202506052305,33.61777803190555,135.927061,,,1,,0,,0,0,0,0,,0
86,,6810790,1,20250605,2305,,,,,,,,,,,,,,,3,202506052305,33.56853903183492,135.910197,,,1,,0,,0,0,0,0,,0
86,,6810800,1,20250605,2305,,,,,,,,,,,,,,,3,202506052305,33.50323103174097,135.806228,,,1,,0,,0,0,0,0,,0
86,,6810810,1,20250605,2305,2,0,,,,,,0,0,,,,,,3,202506052305,33.48392803171314,135.760481,,,0,,0,,0,0,0,0,,0
86,,6810820,1,20250605,2305,,,,,,,,,,,,,,,3,202506052305,33.509890031750565,135.60639100000003,,,1,,0,,0,0,0,0,,0
86,,6810830,1,20250605,2305,,,,,,,,,,,,,,,3,202506052305,33.51850003176297,135.57,,,1,,0,,0,0,0,0,,0
86,,6810840,1,20250605,2305,,,,,,,,,,,,,,,3,202506052305,33.554167031814266,135.458889,,,1,,0,,0,0,0,0,,0
86,,6810850,1,20250605,2305,,,,,,,,,,,,,,,3,202506052305,33.70273603202697,135.411942,,,1,,0,,0,0,0,0,,0
86,,6810860,1,20250605,2305,7,1,,,,,,8,0,,,,,,3,202506052305,33.72250003205514,135.404722,,,0,,0,,0,0,0,0,,0
86,,6810880,1,20250605,2305,,,,,,,,,,,,,,,3,202506052305,33.748889032092684,135.3275,,,1,,0,,0,0,0,0,,0
86,,6810890,1,20250605,2305,0,0,,,,,,0,0,,,,,,3,202506052305,33.7811110321385,135.3025,,,0,,0,,0,0,0,0,,0
86,,6810900,1,20250605,2305,0,0,,,,,,0,0,,,,,,3,202506052305,33.91892803233343,135.146508,,,0,,0,,0,0,0,0,,0
86,,6810910,1,20250605,2305,2,0,,,,,,0,0,,,,,,3,202506052305,33.94659203237239,135.12965,,,0,,0,,0,0,0,0,,0
86,,6810920,1,20250605,2305,9,1,,,,,,2,0,,,,,,3,202506052305,34.04305603250771,135.189722,,,0,,0,,0,0,0,0,,0
86,,6810930,1,20250605,2305,,,,,,,,,,,,,,,3,202506052305,34.047035032513286,135.189167,,,1,,0,,0,0,0,0,,0
86,,6810950,1,20250605,2305,,,,,,,,,,,,,,,3,202506052305,34.19539403271991,135.169583,,,1,,0,,0,0,0,0,,0
86,,6810960,1,20250605,2305,,,,,,,,,,,,,,,3,202506052305,33.74962803209376,135.359472,,,1,,0,,0,0,0,0,,0
86,,6811150,1,20250605,2305,0,0,,,,,,0,0,,,,,,3,202506052305,35.16055603401799,135.066111,,,0,,0,,0,0,0,0,,0
86,,6811160,1,20250605,2305,0,0,,,,,,0,0,,,,,,3,202506052305,35.23305603411212,135.020833,,,0,,0,,0,0,0,0,,0
86,,6811170,1,20250605,2305,3,1,,,,,,1,0,,,,,,3,202506052305,35.29111103418713,134.970556,,,0,,0,,0,0,0,0,,0
86,,6811180,1,20250605,2305,1,0,,,,,,1,0,,,,,,3,202506052305,35.30305603420252,134.92,,,0,,0,,0,0,0,0,,0
86,,6811190,1,20250605,2305,0,0,,,,,,0,0,,,,,,3,202506052305,35.34500003425647,134.801111,,,0,,0,,0,0,0,0,,0
86,,6811200,1,20250605,2305,0,0,,,,,,0,0,,,,,,3,202506052305,35.36333303427999,134.759167,,,0,,0,,0,0,0,0,,0
86,,6811210,1,20250605,2305,2,0,,,,,,4,0,,,,,,3,202506052305,35.49942303445363,134.790538,,,0,,0,,0,0,0,0,,0
86,,6811220,1,20250605,2305,1,0,,,,,,0,0,,,,,,3,202506052305,35.474942034422526,134.764925,,,0,,0,,0,0,0,0,,0
86,,6811230,1,20250605,2305,3,0,,,,,,2,0,,,,,,3,202506052305,35.43722003437449,134.767839,,,0,,0,,0,0,0,0,,0
86,,6811310,1,20250605,2305,,,,,,,,,,,,,,,3,202506052305,34.78856603352747,134.816183,,,1,,0,,0,0,0,0,,0
86,,6811320,1,20250605,2305,,,,,,,,,,,,,,,3,202506052305,34.81472203356237,134.673055,,,1,,0,,0,0,0,0,,0
86,,6811340,1,20250605,2305,,,,,,,,,,,,,,,3,202506052305,34.83503003358942,134.618945,,,1,,0,,0,0,0,0,,0
86,,6811400,1,20250605,2305,5,0,,,,,,1,0,,,,,,3,202506052305,34.54152803319483,135.675417,,,0,,0,,0,0,0,0,,0
88,,8810010,1,20250605,2305,0,0,0,,,,,0,0,0,,,,,3,202506052305,34.22576903276199,134.506281,,,0,0,0,0,0,0,0,0,0,0
88,,8810040,1,20250605,2305,4,1,0,,,,,0,3,0,,,,,3,202506052305,34.21202803274294,134.426444,,,0,0,0,0,0,0,0,0,0,0
88,,8810050,1,20250605,2305,3,1,0,,,,,0,0,0,,,,,3,202506052305,34.2426940327854,134.369389,,,0,0,0,0,0,0,0,0,0,0
88,,8810060,1,20250605,2305,,,,,,,,,,,,,,,3,202506052305,34.24194403278437,134.333056,,,1,0,0,0,0,0,0,0,0,0
88,,8810070,1,20250605,2305,0,0,0,,,,,1,0,0,,,,,3,202506052305,34.3096610328778,134.235686,,,0,0,0,0,0,0,0,0,0,0
88,,8810080,1,20250605,2305,0,0,0,,,,,0,0,0,,,,,3,202506052305,34.323825032897304,134.203003,,,0,0,0,0,0,0,0,0,0,0
88,,8810090,1,20250605,2305,,,,,,,,7,1,0,,,,,3,202506052305,34.31055603287904,134.040556,,,0,0,0,0,0,0,0,0,0,0
88,,8810100,1,20250605,2305,26,4,0,,,,,,,,,,,,3,202506052305,34.31083303287942,134.040833,,,0,0,0,0,0,0,0,0,0,0
88,,8810110,1,20250605,2305,2,0,0,,,,,4,1,0,,,,,3,202506052305,34.296344462859466,133.9267892,,,0,0,0,0,0,0,0,0,0,0
88,,8810120,1,20250605,2305,0,0,0,,,,,0,0,0,,,,,3,202506052305,34.30830303287593,133.886,,,0,0,0,0,0,0,0,0,0,0
88,,8810130,1,20250605,2305,4,1,0,,,,,20,4,0,,,,,3,202506052305,34.28116903283854,133.818719,,,0,0,0,0,0,0,0,0,0,0
88,,8810150,1,20250605,2305,,,,,,,,,,,,,,,3,202506052305,33.79388903215663,132.931944,,,1,0,0,0,0,0,0,0,0,0
88,,8810160,1,20250605,2305,,,,,,,,,,,,,,,3,202506052305,34.251008032796896,133.916925,,,1,0,0,0,0,0,0,0,0,0
88,,8810170,1,20250605,2305,2,1,0,,,,,4,2,0,,,,,3,202506052305,34.183472032703364,133.834944,,,0,0,0,0,0,0,0,0,0,0
88,,8810180,1,20250605,2305,2,0,0,,,,,4,0,0,,,,,3,202506052305,34.15741703266719,133.82277800000003,,,0,0,0,0,0,0,0,0,0,0
88,,8810210,1,20250605,2305,,,,,,,,,,,,,,,3,202506052305,34.02985603248925,133.814811,,,1,0,0,0,0,0,0,0,0,0
88,,8810220,1,20250605,2305,,,,,,,,,,,,,,,3,202506052305,33.99827503244498,133.788456,,,1,0,0,0,0,0,0,0,0,0
88,,8810270,1,20250605,2305,1,0,0,,,,,2,0,0,,,,,3,202506052305,33.699149792021856,133.6898053,,,0,0,0,0,0,0,0,0,0,0
88,,8810310,1,20250605,2305,,,,,,,,,,,,,,,3,202506052305,33.65416703195762,133.66,,,1,0,0,0,0,0,0,0,0,0
88,,8810350,1,20250605,2305,,,,,,,,,,,,,,,3,202506052305,33.54658334180337,133.423537,,,1,0,0,0,0,0,0,0,0,0
88,,8810380,1,20250605,2305,0,0,0,,,,,0,0,0,,,,,3,202506052305,33.555000031815474,133.139444,,,0,0,0,0,0,0,0,0,0,0
88,,8810400,1,20250605,2305,,,,,,,,,,,,,,,3,202506052305,33.58111103185298,132.9925,,,1,0,0,0,0,0,0,0,0,0
88,,8810410,1,20250605,2305,1,0,0,,,,,0,0,0,,,,,3,202506052305,33.61805603190595,132.933333,,,0,0,0,0,0,0,0,0,0,0
88,,8810420,1,20250605,2305,,,,,,,,,,,,,,,3,202506052305,33.62777803191986,132.916389,,,1,0,0,0,0,0,0,0,0,0
88,,8810430,1,20250605,2305,,,,,,,,,,,,,,,3,202506052305,33.646667031946905,132.905833,,,1,0,0,0,0,0,0,0,0,0
88,,8810450,1,20250605,2305,1,0,0,,,,,2,0,0,,,,,3,202506052305,33.68178252199708,132.8835762,,,0,0,0,0,0,0,0,0,0,0
88,,8810510,1,20250605,2305,,,,,,,,,,,,,,,3,202506052305,33.73555603207373,132.811667,,,1,0,0,0,0,0,0,0,0,0
88,,8810520,1,20250605,2305,,,,,,,,,,,,,,,6,202506052305,33.80277803216924,132.7775,,,1,0,0,0,0,0,0,0,0,0
88,,8810530,1,20250605,2305,,,,,,,,,,,,,,,3,202506052305,33.80679213217494,132.7455604,,,1,0,0,0,0,0,0,0,0,0
88,,8810560,1,20250605,2305,,,,,,,,,,,,,,,3,202506052305,33.883114032282926,134.645522,,,1,0,0,0,0,0,0,0,0,0
88,,8810570,1,20250605,2305,,,,,,,,,,,,,,,3,202506052305,33.87310303226879,134.637228,,,1,0,0,0,0,0,0,0,0,0
88,,8810580,1,20250605,2305,,,,,,,,,,,,,,,3,202506052305,33.8064830321745,134.590708,,,1,0,0,0,0,0,0,0,0,0
88,,8810640,1,20250605,2305,,,,,,,,,,,,,,,3,202506052305,33.72289703205572,134.519397,,,1,0,0,0,0,0,0,0,0,0
88,,8810660,1,20250605,2305,5,0,0,,,,,1,0,0,,,,,3,202506052305,33.66041903196656,134.406369,,,0,0,0,0,0,0,0,0,0,0
88,,8810670,1,20250605,2305,,,,,,,,,,,,,,,3,202506052305,33.58200303185425,134.323467,,,1,0,0,0,0,0,0,0,0,0
88,,8810690,1,20250605,2305,0,0,0,,,,,0,0,0,,,,,3,202506052305,33.49111103172349,134.261667,,,0,0,0,0,0,0,0,0,0,0
88,,8810720,1,20250605,2305,0,0,0,,,,,0,0,0,,,,,3,202506052305,33.33499901149748,134.1973409,,,0,0,0,0,0,0,0,0,0,0
88,,8810730,1,20250605,2305,0,0,0,,,,,0,0,0,,,,,3,202506052305,33.2510477313752,134.1807112,,,0,0,0,0,0,0,0,0,0,0
88,,8810740,1,20250605,2305,0,0,0,,,,,0,0,0,,,,,3,202506052305,33.29972203144615,134.123333,,,0,0,0,0,0,0,0,0,0,0
88,,8810750,1,20250605,2305,,,,,,,,,,,,,,,3,202506052305,33.371439791550394,134.039855,,,1,0,0,0,0,0,0,0,0,0
88,,8810760,1,20250605,2305,0,0,0,,,,,0,0,0,,,,,3,202506052305,33.42416703162678,134.023333,,,0,0,0,0,0,0,0,0,0,0
88,,8810780,1,20250605,2305,0,0,0,,,,,0,0,0,,,,,3,202506052305,33.441944031652504,133.966111,,,0,0,0,0,0,0,0,0,0,0
88,,8810820,1,20250605,2305,1,0,0,,,,,2,0,0,,,,,3,202506052305,33.5033880317412,133.878652,,,0,0,0,0,0,0,0,0,0,0
88,,8810840,1,20250605,2305,,,,,,,,,,,,,,,3,202506052305,33.525000031772315,133.760278,,,1,0,0,0,0,0,0,0,0,0
88,,8810850,1,20250605,2305,6,0,0,,,,,0,0,0,,,,,3,202506052305,33.42055603162157,133.301944,,,0,0,0,0,0,0,0,0,0,0
88,,8810880,1,20250605,2305,,,,,,,,,,,,,,,3,202506052305,33.3074340314574,133.179556,,,1,0,0,0,0,0,0,0,0,0
88,,8810890,1,20250605,2305,0,0,0,,,,,0,0,0,,,,,3,202506052305,33.28855103142989,133.172023,,,0,0,0,0,0,0,0,0,0,0
88,,8810910,1,20250605,2305,0,0,0,,,,,1,1,0,,,,,3,202506052305,33.266597031397886,133.171467,,,0,0,0,0,0,0,0,0,0,0
88,,8810920,1,20250605,2305,1,0,0,,,,,0,0,0,,,,,3,202506052305,33.21880803132811,133.140708,,,0,0,0,0,0,0,0,0,0,0
88,,8810940,1,20250605,2305,,,,,,,,,,,,,,,3,202506052305,33.0089042010197,132.9856986,,,1,0,0,0,0,0,0,0,0,0
88,,8810960,1,20250605,2305,0,0,0,,,,,0,0,0,,,,,3,202506052305,32.97816103097427,132.889125,,,0,0,0,0,0,0,0,0,0,0
88,,8810970,1,20250605,2305,1,0,0,,,,,0,0,0,,,,,3,202506052305,32.977644030973515,132.885636,,,0,0,0,0,0,0,0,0,0,0
88,,8811000,1,20250605,2305,,,,,,,,,,,,,,,3,202506052305,32.96687203095758,132.865489,,,1,0,0,0,0,0,0,0,0,0
88,,8811020,1,20250605,2305,0,0,0,,,,,1,0,0,,,,,3,202506052305,32.96457803095418,132.816661,,,0,0,0,0,0,0,0,0,0,0
88,,8811040,1,20250605,2305,,,,,,,,,,,,,,,3,202506052305,32.95833303094494,132.796389,,,1,0,0,0,0,0,0,0,0,0
88,,8811050,1,20250605,2305,0,0,0,,,,,0,0,0,,,,,3,202506052305,32.93641403091248,132.736475,,,0,0,0,0,0,0,0,0,0,0
88,,8811070,1,20250605,2305,0,0,0,,,,,1,0,0,,,,,3,202506052305,32.970303030962654,132.665209,,,0,0,0,0,0,0,0,0,0,0
88,,8811080,1,20250605,2305,0,0,0,,,,,1,0,0,,,,,3,202506052305,32.95232903093605,132.60067,,,0,0,0,0,0,0,0,0,0,0
88,,8811090,1,20250605,2305,2,1,0,,,,,0,0,0,,,,,3,202506052305,32.9541190309387,132.584276,,,0,0,0,0,0,0,0,0,0,0
88,,8811110,1,20250605,2305,0,0,0,,,,,0,0,0,,,,,3,202506052305,33.04654603107523,132.48536,,,0,0,0,0,0,0,0,0,0,0
88,,8811130,1,20250605,2305,3,0,0,,,,,2,0,0,,,,,3,202506052305,33.0789110311229,132.49507,,,0,0,0,0,0,0,0,0,0,0
88,,8811140,1,20250605,2305,0,0,0,,,,,0,0,0,,,,,3,202506052305,33.11350003117377,132.518333,,,0,0,0,0,0,0,0,0,0,0
88,,8811150,1,20250605,2305,0,0,0,,,,,1,0,0,,,,,3,202506052305,33.12469803119022,132.521282,,,0,0,0,0,0,0,0,0,0,0
88,,8811170,1,20250605,2305,0,0,0,,,,,0,0,0,,,,,3,202506052305,33.49517003172935,132.54537,,,0,0,0,0,0,0,0,0,0,0
88,,8811180,1,20250605,2305,4,1,0,,,,,0,0,0,,,,,3,202506052305,33.15677703123728,132.5469,,,0,0,0,0,0,0,0,0,0,0
88,,8811190,1,20250605,2305,0,0,0,,,,,8,2,0,,,,,3,202506052305,33.264024031394136,132.552651,,,0,0,0,0,0,0,0,0,0,0
88,,8811210,1,20250605,2305,0,0,0,,,,,0,0,0,,,,,3,202506052305,33.23340003134943,132.559577,,,0,0,0,0,0,0,0,0,0,0
88,,8811220,1,20250605,2305,0,0,0,,,,,0,0,0,,,,,3,202506052305,33.21975503132949,132.55883,,,0,0,0,0,0,0,0,0,0,0
88,,8811230,1,20250605,2305,3,0,0,,,,,0,0,0,,,,,3,202506052305,33.21400003132108,132.545961,,,0,0,0,0,0,0,0,0,0,0
88,,8811240,1,20250605,2305,0,0,0,,,,,0,0,0,,,,,3,202506052305,33.187563031282394,132.543219,,,0,0,0,0,0,0,0,0,0,0
88,,8811250,1,20250605,2305,,,,,,,,,,,,,,,3,202506052305,33.623917031914345,132.69675,,,1,0,0,0,0,0,0,0,0,0
88,,8811270,1,20250605,2305,,,,,,,,,,,,,,,3,202506052305,33.65575003195989,132.708361,,,1,0,0,0,0,0,0,0,0,0
88,,8811300,1,20250605,2305,,,,,,,,,,,,,,,3,202506052305,33.701111032024656,132.7075,,,1,0,0,0,0,0,0,0,0,0
88,,8811320,1,20250605,2305,,,,,,,,,,,,,,,3,202506052305,33.99242782243679,133.6034113,,,1,0,0,0,0,0,0,0,0,0
88,,8811360,1,20250605,2305,,,,,,,,,,,,,,,3,202506052305,34.015556032469206,133.77361100000002,,,1,0,0,0,0,0,0,0,0,0
88,,8811430,1,20250605,2305,,,,,,,,,,,,,,,3,202506052305,33.981944032422064,132.778333,,,1,0,0,0,0,0,0,0,0,0
88,,8811450,1,20250605,2305,,,,,,,,,,,,,,,3,202506052305,33.98044403241997,133.057088,,,1,0,0,0,0,0,0,0,0,0
89,,9810010,1,20250605,2305,21,0,0,,,,,1,0,0,,,,,3,202506052305,33.86852803226232,130.79675,,,0,0,0,0,0,0,0,0,0,0
89,,9810020,1,20250605,2305,,,,,,,,,,,,,,,3,202506052305,33.835259032215276,130.608521,,,1,0,0,0,0,0,0,0,0,0
89,,9810030,1,20250605,2305,38,1,0,,,,,8,0,0,,,,,3,202506052305,33.78978203215081,130.567337,,,0,0,0,0,0,0,0,0,0,0
89,,9810040,1,20250605,2305,19,1,0,,,,,10,2,0,,,,,3,202506052305,33.744955032087105,130.488242,,,0,0,0,0,0,0,0,0,0,0
89,,9810050,1,20250605,2305,51,3,0,,,,,30,2,0,,,,,3,202506052305,33.73691203207566,130.478193,,,0,0,0,0,0,0,0,0,0,0
89,,9810070,1,20250605,2305,3,5,0,,,,,36,0,0,,,,,3,202506052305,33.52600403177376,130.49557,,,0,0,0,0,0,0,0,0,0,0
89,,9810080,1,20250605,2305,23,3,0,,,,,21,1,0,,,,,3,202506052305,33.51100303175216,130.511069,,,0,0,0,0,0,0,0,0,0,0
89,,9810090,1,20250605,2305,14,0,0,,,,,24,3,0,,,,,3,202506052305,33.510200031751005,130.520977,,,0,0,0,0,0,0,0,0,0,0
89,,9810100,1,20250605,2305,15,5,0,,,,,18,3,0,,,,,3,202506052305,33.477797031704284,130.53932,,,0,0,0,0,0,0,0,0,0,0
89,,9810110,1,20250605,2305,12,8,0,,,,,20,3,0,,,,,3,202506052305,33.44687903165964,130.541025,,,0,0,0,0,0,0,0,0,0,0
89,,9810120,1,20250605,2305,18,2,0,,,,,9,1,0,,,,,3,202506052305,33.33966203150427,130.525942,,,0,0,0,0,0,0,0,0,0,0
89,,9810130,1,20250605,2305,3,0,0,,,,,1,1,0,,,,,3,202506052305,33.19870703129871,130.60119,,,0,0,0,0,0,0,0,0,0,0
89,,9810140,1,20250605,2305,2,1,0,,,,,1,1,0,,,,,3,202506052305,33.170447031257325,130.617432,,,0,0,0,0,0,0,0,0,0,0
89,,9810150,1,20250605,2305,26,2,0,,,,,28,0,0,,,,,3,202506052305,33.86806903226167,130.775199,,,0,0,0,0,0,0,0,0,0,0
89,,9810160,1,20250605,2305,32,3,0,,,,,,,,,,,,3,202506052305,33.86432503225638,130.74688,,,0,0,0,0,0,0,0,0,0,0
89,,9810170,1,20250605,2305,7,0,0,,,,,26,0,0,,,,,3,202506052305,33.648732031949855,130.441499,,,0,0,0,0,0,0,0,0,0,0
89,,9810180,1,20250605,2305,35,3,0,,,,,19,1,0,,,,,3,202506052305,33.61500003190157,130.438611,,,0,0,0,0,0,0,0,0,0,0
89,,9810190,1,20250605,2305,12,9,0,,,,,12,2,0,,,,,3,202506052305,33.4496850316637,130.546326,,,0,0,0,0,0,0,0,0,0,0
89,,9810200,1,20250605,2305,,,,,,,,,,,,,,,3,202506052305,33.41916903161956,130.532642,,,1,0,0,0,0,0,0,0,0,0
89,,9810210,1,20250605,2305,9,1,0,,,,,12,1,0,,,,,3,202506052305,32.92737203089908,130.698429,,,0,0,0,0,0,0,0,0,0,0
89,,9810230,1,20250605,2305,3,0,0,,,,,1,0,0,,,,,3,202506052305,32.33541003001024,130.485852,,,0,0,0,0,0,0,0,0,0,0
89,,9810250,1,20250605,2305,,,,,,,,,,,,,,,3,202506052305,32.10065202965169,130.308808,,,1,0,0,0,0,0,0,0,0,0
89,,9810260,1,20250605,2305,,,,,,,,,,,,,,,3,202506052305,32.06933302960361,130.240833,,,1,0,0,0,0,0,0,0,0,0
89,,9810270,1,20250605,2305,,,,,,,,,,,,,,,3,202506052305,32.05996802958923,130.223169,,,1,0,0,0,0,0,0,0,0,0
89,,9810280,1,20250605,2305,,,,,,,,,,,,,,,3,202506052305,32.00103302949858,130.195866,,,1,0,0,0,0,0,0,0,0,0
89,,9810290,1,20250605,2305,,,,,,,,,,,,,,,3,202506052305,31.77354502914685,130.301221,,,1,0,0,0,0,0,0,0,0,0
89,,9810300,1,20250605,2305,,,,,,,,,,,,,,,3,202506052305,31.752394029113987,130.297198,,,1,0,0,0,0,0,0,0,0,0
89,,9810310,1,20250605,2305,,,,,,,,,,,,,,,3,202506052305,31.671780028988586,130.334671,,,1,0,0,0,0,0,0,0,0,0
89,,9810320,1,20250605,2305,12,4,0,,,,,12,0,0,,,,,3,202506052305,31.644384028945897,130.514685,,,0,0,0,0,0,0,0,0,0,0
89,,9810330,1,20250605,2305,21,0,0,,,,,17,0,0,,,,,3,202506052305,31.593127028865894,130.55217,,,0,0,0,0,0,0,0,0,0,0
89,,9810340,1,20250605,2305,,,,,,,,,,,,,,,3,202506052305,31.774587029148464,130.294585,,,1,0,0,0,0,0,0,0,0,0
89,,9810350,1,20250605,2305,,,,,,,,11,3,0,,,,,3,202506052305,31.586173028855043,130.521497,,,0,0,0,0,0,0,0,0,0,0
89,,9810360,1,20250605,2305,8,5,0,,,,,16,6,0,,,,,3,202506052305,33.6356250319311,131.074923,,,0,0,0,0,0,0,0,0,0,0
89,,9810370,1,20250605,2305,,,,,,,,,,,,,,,3,202506052305,33.60811903189171,131.1134,,,1,0,0,0,0,0,0,0,0,0
89,,9810380,1,20250605,2305,3,2,0,,,,,2,6,0,,,,,3,202506052305,33.55407703181414,131.25154,,,0,0,0,0,0,0,0,0,0,0
89,,9810390,1,20250605,2305,5,1,0,,,,,0,0,0,,,,,3,202506052305,33.47356403169818,131.495973,,,0,0,0,0,0,0,0,0,0,0
89,,9810400,1,20250605,2305,3,0,0,,,,,1,0,0,,,,,3,202506052305,33.4199570316207,131.549075,,,0,0,0,0,0,0,0,0,0,0
89,,9810410,1,20250605,2305,19,1,0,,,,,0,0,0,,,,,3,202506052305,33.35718603152971,131.497308,,,0,0,0,0,0,0,0,0,0,0
89,,9810420,1,20250605,2305,2,0,0,,,,,29,1,0,,,,,3,202506052305,33.28844603142974,131.50415600000002,,,0,0,0,0,0,0,0,0,0,0
89,,9810430,1,20250605,2305,5,0,0,,,,,6,1,0,,,,,3,202506052305,33.1773230312674,131.619615,,,0,0,0,0,0,0,0,0,0,0
89,,9810440,1,20250605,2305,,,,,,,,12,1,0,,,,,3,202506052305,33.091164031140934,131.647172,,,0,0,0,0,0,0,0,0,0,0
89,,9810450,1,20250605,2305,,,,,,,,,,,,,,,3,202506052305,33.07813503112177,131.638559,,,1,0,0,0,0,0,0,0,0,0
89,,9810460,1,20250605,2305,3,0,0,,,,,2,0,0,,,,,3,202506052305,33.03375103105637,131.689156,,,0,0,0,0,0,0,0,0,0,0
89,,9810470,1,20250605,2305,0,0,0,,,,,3,0,0,,,,,3,202506052305,33.001599031008915,131.788698,,,0,0,0,0,0,0,0,0,0,0
89,,9810480,1,20250605,2305,2,0,0,,,,,2,1,0,,,,,3,202506052305,32.95275303093668,131.841525,,,0,0,0,0,0,0,0,0,0,0
89,,9810490,1,20250605,2305,0,0,0,,,,,2,3,0,,,,,3,202506052305,32.92192503089102,131.801353,,,0,0,0,0,0,0,0,0,0,0
89,,9810500,1,20250605,2305,0,0,0,,,,,1,1,0,,,,,3,202506052305,32.84521503077709,131.718143,,,0,0,0,0,0,0,0,0,0,0
89,,9810510,1,20250605,2305,0,0,0,,,,,1,0,0,,,,,3,202506052305,33.53550003178742,131.301439,,,0,0,0,0,0,0,0,0,0,0
89,,9810520,1,20250605,2305,,,,,,,,7,0,0,,,,,3,202506052305,33.17727003126732,131.636491,,,0,0,0,0,0,0,0,0,0,0
89,,9810530,1,20250605,2305,0,0,0,,,,,0,0,0,,,,,3,202506052305,32.76588703065887,131.69922,,,0,0,0,0,0,0,0,0,0,0
89,,9810540,1,20250605,2305,,,,,,,,,,,,,,,3,202506052305,32.73308003060985,131.712307,,,0,0,0,0,1,0,0,0,0,0
89,,9810550,1,20250605,2305,,,,,,,,,,,,,,,3,202506052305,32.680641030531355,131.69547,,,0,0,0,0,1,0,0,0,0,0
89,,9810560,1,20250605,2305,,,,,,,,,,,,,,,3,202506052305,32.6162990304348,131.682165,,,0,0,0,0,1,0,0,0,0,0
89,,9810570,1,20250605,2305,,,,,,,,,,,,,,,3,202506052305,32.58759103039164,131.676921,,,0,0,0,0,1,0,0,0,0,0
89,,9810580,1,20250605,2305,,,,,,,,,,,,,,,3,202506052305,32.56240603035372,131.681538,,,0,0,0,0,1,0,0,0,0,0
89,,9810590,1,20250605,2305,,,,,,,,,,,,,,,3,202506052305,32.512945030279155,131.682071,,,0,0,0,0,1,0,0,0,0,0
89,,9810600,1,20250605,2305,,,,,,,,,,,,,,,3,202506052305,32.505475030267874,131.671612,,,0,0,0,0,1,0,0,0,0,0
89,,9810610,1,20250605,2305,,,,,,,,,,,,,,,3,202506052305,32.48380003023514,131.65983,,,0,0,0,0,1,0,0,0,0,0
89,,9810620,1,20250605,2305,,,,,,,,,,,,,,,3,202506052305,32.44750003018023,131.634167,,,0,0,0,0,1,0,0,0,0,0
89,,9810630,1,20250605,2305,,,,,,,,,,,,,,,3,202506052305,32.34169203001978,131.615818,,,0,0,0,0,1,0,0,0,0,0
89,,9810640,1,20250605,2305,,,,,,,,,,,,,,,3,202506052305,32.118920029679714,131.525151,,,1,0,0,0,1,0,0,0,0,0
89,,9810650,1,20250605,2305,,,,,,,,,,,,,,,3,202506052305,32.04093702955998,131.469141,,,0,0,0,0,1,0,0,0,0,0
89,,9810660,1,20250605,2305,,,,,,,,,,,,,,,3,202506052305,31.943136029409334,131.344339,,,1,0,0,0,0,0,0,0,0,0
89,,9810680,1,20250605,2305,,,,,,,,,,,,,,,3,202506052305,31.916759029368613,131.228421,,,1,0,0,0,0,0,0,0,0,0
89,,9810690,1,20250605,2305,,,,,,,,,,,,,,,3,202506052305,31.831007029235955,131.126939,,,1,0,0,0,0,0,0,0,0,0
89,,9810700,1,20250605,2305,,,,,,,,,,,,,,,3,202506052305,31.70972202904765,131.054167,,,1,0,0,0,0,0,0,0,0,0
89,,9810720,1,20250605,2305,0,2,0,,,,,3,3,0,,,,,3,202506052305,31.661481028972545,130.889721,,,0,0,0,0,0,0,0,0,0,0
89,,9810730,1,20250605,2305,3,1,0,,,,,3,0,0,,,,,3,202506052305,31.723242029068686,130.809578,,,0,0,0,0,0,0,0,0,0,0
89,,9810740,1,20250605,2305,15,1,0,,,,,17,1,0,,,,,3,202506052305,33.30389903145224,130.368554,,,0,0,0,0,0,0,0,0,0,0
89,,9810750,1,20250605,2305,,,,,,,,,,,,,,,3,202506052305,33.27419603140898,130.293549,,,1,0,0,0,0,0,0,0,0,0
89,,9810760,1,20250605,2305,,,,,,,,,,,,,,,3,202506052305,33.26474303139519,130.245086,,,1,0,0,0,0,0,0,0,0,0
89,,9810770,1,20250605,2305,8,0,0,,,,,22,2,0,,,,,3,202506052305,33.26041603138888,130.218458,,,0,0,0,0,0,0,0,0,0,0
89,,9810780,1,20250605,2305,0,0,0,,,,,9,3,0,,,,,3,202506052305,33.23447503135101,130.18203100000002,,,0,0,0,0,0,0,0,0,0,0
89,,9810790,1,20250605,2305,6,0,0,,,,,9,3,0,,,,,3,202506052305,33.22225103133315,130.172161,,,0,0,0,0,0,0,0,0,0,0
89,,9810800,1,20250605,2305,3,0,0,,,,,5,0,0,,,,,3,202506052305,33.219025031328435,130.143217,,,0,0,0,0,0,0,0,0,0,0
89,,9810810,1,20250605,2305,3,0,0,,,,,2,0,0,,,,,3,202506052305,33.21595003132393,130.087452,,,0,0,0,0,0,0,0,0,0,0
89,,9810820,1,20250605,2305,1,0,0,,,,,2,0,0,,,,,3,202506052305,33.21877403132806,130.052459,,,0,0,0,0,0,0,0,0,0,0
89,,9810830,1,20250605,2305,5,0,0,,,,,0,1,0,,,,,3,202506052305,33.207839031312076,130.047967,,,0,0,0,0,0,0,0,0,0,0
89,,9810840,1,20250605,2305,1,0,0,,,,,2,1,0,,,,,3,202506052305,33.07291503111407,129.960829,,,0,0,0,0,0,0,0,0,0,0
89,,9810850,1,20250605,2305,8,1,0,,,,,1,2,0,,,,,3,202506052305,32.995999031000636,129.948701,,,0,0,0,0,0,0,0,0,0,0
89,,9810860,1,20250605,2305,,,,,,,,,,,,,,,3,202506052305,32.9044610308651,129.957531,,,1,0,0,0,0,0,0,0,0,0
89,,9810870,1,20250605,2305,0,0,0,,,,,1,0,0,,,,,3,202506052305,32.8905010308444,129.971348,,,0,0,0,0,0,0,0,0,0,0
89,,9810880,1,20250605,2305,4,0,0,,,,,8,2,0,,,,,3,202506052305,32.88569203083725,130.005514,,,0,0,0,0,0,0,0,0,0,0
89,,9810890,1,20250605,2305,4,0,0,,,,,2,0,0,,,,,3,202506052305,32.87494503082128,130.02412,,,0,0,0,0,0,0,0,0,0,0
89,,9810900,1,20250605,2305,2,1,0,,,,,7,0,0,,,,,3,202506052305,32.83967403076884,130.024592,,,0,0,0,0,0,0,0,0,0,0
89,,9810910,1,20250605,2305,,,,,,,,,,,,,,,3,202506052305,33.19594003129466,129.977938,,,1,0,0,0,0,0,0,0,0,0
89,,9810920,1,20250605,2305,,,,,,,,,,,,,,,3,202506052305,33.191150031287656,129.943948,,,1,0,0,0,0,0,0,0,0,0
89,,9810930,1,20250605,2305,,,,,,,,,,,,,,,3,202506052305,33.18881403128423,129.9054,,,1,0,0,0,0,0,0,0,0,0
89,,9810940,1,20250605,2305,2,0,0,,,,,0,0,0,,,,,3,202506052305,32.97184603096493,131.383534,,,0,0,0,0,0,0,0,0,0,0
89,,9810950,1,20250605,2305,2,1,0,,,,,1,1,0,,,,,3,202506052305,32.96828103095967,131.382552,,,0,0,0,0,0,0,0,0,0,0
89,,9810960,1,20250605,2305,1,2,0,,,,,1,1,0,,,,,3,202506052305,32.96091703094877,131.248695,,,0,0,0,0,0,0,0,0,0,0
89,,9810970,1,20250605,2305,,,,,,,,,,,,,,,3,202506052305,33.03288603105509,131.537821,,,1,0,0,0,0,0,0,0,0,0
89,,9810980,1,20250605,2305,,,,,,,,,,,,,,,3,202506052305,33.00262303101042,131.45315500000004,,,1,0,0,0,0,0,0,0,0,0
89,,9810990,1,20250605,2305,2,2,0,,,,,1,0,0,,,,,3,202506052305,32.96097103094884,131.244117,,,0,0,0,0,0,0,0,0,0,0
89,,9811000,1,20250605,2305,8,0,0,,,,,3,4,0,,,,,3,202506052305,32.93530403091085,131.035064,,,0,0,0,0,0,0,0,0,0,0
89,,9811010,1,20250605,2305,0,0,0,,,,,0,0,0,,,,,3,202506052305,32.87672503082393,130.954853,,,0,0,0,0,0,0,0,0,0,0
89,,9811020,1,20250605,2305,1,0,0,,,,,2,0,0,,,,,3,202506052305,32.614306030431806,130.462111,,,0,0,0,0,0,0,0,0,0,0
89,,9811030,1,20250605,2305,1,0,0,,,,,0,0,0,,,,,3,202506052305,32.72539603059835,130.251342,,,0,0,0,0,0,0,0,0,0,0
89,,9811040,1,20250605,2305,0,0,0,,,,,0,0,0,,,,,3,202506052305,32.72077403059144,130.234748,,,0,0,0,0,0,0,0,0,0,0
89,,9811050,1,20250605,2305,8,0,0,,,,,2,0,0,,,,,3,202506052305,32.73587103061402,130.209003,,,0,0,0,0,0,0,0,0,0,0
89,,9811060,1,20250605,2305,0,0,0,,,,,1,0,0,,,,,3,202506052305,32.808908030723025,130.149506,,,0,0,0,0,0,0,0,0,0,0
89,,9811070,1,20250605,2305,0,0,0,,,,,0,0,0,,,,,3,202506052305,32.836521030764146,130.094768,,,0,0,0,0,0,0,0,0,0,0
89,,9811080,1,20250605,2305,14,0,0,,,,,15,1,0,,,,,3,202506052305,32.83196203075736,130.053336,,,0,0,0,0,0,0,0,0,0,0
89,,9811090,1,20250605,2305,1,1,0,,,,,0,0,0,,,,,3,202506052305,33.61888103190713,130.568781,,,0,0,0,0,0,0,0,0,0,0
89,,9811100,1,20250605,2305,0,0,0,,,,,10,1,0,,,,,3,202506052305,33.61860003190672,130.579442,,,0,0,0,0,0,0,0,0,0,0
89,,9811110,1,20250605,2305,3,0,0,,,,,13,1,0,,,,,3,202506052305,33.62194303191151,130.588462,,,0,0,0,0,0,0,0,0,0,0
89,,9811120,1,20250605,2305,1,0,0,,,,,6,0,0,,,,,3,202506052305,33.65684603196145,130.750269,,,0,0,0,0,0,0,0,0,0,0
89,,9811130,1,20250605,2305,1,0,0,,,,,2,0,0,,,,,3,202506052305,33.6514250319537,130.761828,,,0,0,0,0,0,0,0,0,0,0
89,,9811140,1,20250605,2305,0,0,0,,,,,0,0,0,,,,,3,202506052305,33.64137503193933,130.764099,,,0,0,0,0,0,0,0,0,0,0
89,,9811150,1,20250605,2305,,,,,,,,,,,,,,,3,202506052305,33.65331703195642,130.807798,,,1,0,0,0,0,0,0,0,0,0
89,,9811160,1,20250605,2305,,,,,,,,,,,,,,,3,202506052305,33.67846703199234,130.866756,,,1,,,,,,,,,
89,,9811180,1,20250605,2305,,,,,,,,,,,,,,,3,202506052305,33.6231190319132,130.671342,,,1,0,0,0,0,0,0,0,0,0
89,,9811190,1,20250605,2305,0,0,0,,,,,0,0,0,,,,,3,202506052305,33.74379703208545,130.970335,,,0,0,0,0,0,0,0,0,0,0
89,,9811200,1,20250605,2305,5,1,0,,,,,3,0,0,,,,,3,202506052305,33.54615303180275,130.159402,,,0,0,0,0,0,0,0,0,0,0
89,,9811210,1,20250605,2305,4,1,0,,,,,6,0,0,,,,,3,202506052305,33.50948303174998,130.110769,,,0,0,0,0,0,0,0,0,0,0
89,,9811220,1,20250605,2305,1,0,0,,,,,0,0,0,,,,,3,202506052305,33.501667031738705,130.069167,,,0,0,0,0,0,0,0,0,0,0
89,,9811230,1,20250605,2305,25,2,0,,,,,16,2,0,,,,,3,202506052305,33.55094403180965,130.448556,,,0,0,0,0,0,0,0,0,0,0
89,,9811240,1,20250605,2305,0,0,0,,,,,0,0,0,,,,,3,202506052305,33.522842031769216,130.168427,,,0,0,0,0,0,0,0,0,0,0
89,,9811250,1,20250605,2305,0,0,0,,,,,0,0,0,,,,,3,202506052305,33.51344603175569,130.14563,,,0,0,0,0,0,0,0,0,0,0
89,,9811260,1,20250605,2305,1,0,0,,,,,1,0,0,,,,,3,202506052305,33.45431303167039,130.042275,,,0,0,0,0,0,0,0,0,0,0
89,,9811270,1,20250605,2305,7,2,0,,,,,9,0,0,,,,,3,202506052305,33.431110031636834,129.991737,,,0,0,0,0,0,0,0,0,0,0
89,,9811280,1,20250605,2305,0,0,0,,,,,1,0,0,,,,,3,202506052305,33.348904031517684,129.933234,,,0,0,0,0,0,0,0,0,0,0
89,,9811290,1,20250605,2305,,,,,,,,,,,,,,,3,202506052305,33.331844031492885,129.928169,,,1,0,0,0,0,0,0,0,0,0
89,,9811300,1,20250605,2305,,,,,,,,,,,,,,,3,202506052305,33.268208031400235,129.88248900000002,,,1,0,0,0,0,0,0,0,0,0
89,,9811310,1,20250605,2305,,,,,,,,,,,,,,,3,202506052305,33.24091903136041,129.850727,,,1,0,0,0,0,0,0,0,0,0
89,,9811320,1,20250605,2305,4,1,0,,,,,2,0,0,,,,,3,202506052305,33.45989003167844,130.040128,,,0,0,0,0,0,0,0,0,0,0
89,,9811330,1,20250605,2305,,,,,,,,,,,,,,,3,202506052305,33.38450403156936,129.984455,,,1,0,0,0,0,0,0,0,0,0
89,,9811340,1,20250605,2305,2,0,0,,,,,2,0,0,,,,,6,202506052305,33.31161503146347,130.070351,,,0,0,0,0,0,0,0,0,0,0
89,,9811350,1,20250605,2305,3,1,0,,,,,2,0,0,,,,,3,202506052305,33.304966031453795,130.076971,,,0,0,0,0,0,0,0,0,0,0
89,,9811360,1,20250605,2305,11,0,0,,,,,5,0,0,,,,,3,202506052305,33.29002103143203,130.168151,,,0,0,0,0,0,0,0,0,0,0
89,,9811370,1,20250605,2305,1,0,0,,,,,4,0,0,,,,,3,202506052305,33.327444031486486,130.034833,,,0,0,0,0,0,0,0,0,0,0
89,,9811380,1,20250605,2305,,,,,,,,,,,,,,,3,202506052305,33.29362203143727,130.116435,,,1,0,0,0,0,0,0,0,0,0
89,,9811390,1,20250605,2305,7,2,0,,,,,10,4,0,,,,,3,202506052305,33.03691103106103,129.918279,,,0,0,0,0,0,0,0,0,0,0
89,,9811400,1,20250605,2305,1,0,0,,,,,1,1,0,,,,,3,202506052305,32.90829103087079,130.661481,,,0,0,0,0,0,0,0,0,0,0
89,,9811410,1,20250605,2305,9,1,0,,,,,15,0,0,,,,,3,202506052305,33.01722203103198,130.439722,,,0,0,0,0,0,0,0,0,0,0
89,,9811420,1,20250605,2305,8,1,0,,,,,4,1,0,,,,,3,202506052305,33.05710503109079,130.465234,,,0,0,0,0,0,0,0,0,0,0
89,,9811430,1,20250605,2305,0,0,0,,,,,0,0,0,,,,,3,202506052305,33.176714031266506,130.407839,,,0,0,0,0,0,0,0,0,0,0
89,,9811450,1,20250605,2305,,,,,,,,,,,,,,,3,202506052305,33.01280003102545,130.425184,,,1,0,0,0,0,0,0,0,0,0
89,,9811460,1,20250605,2305,0,0,0,,,,,2,0,0,,,,,3,202506052305,33.140861031213944,130.422417,,,0,0,0,0,0,0,0,0,0,0
89,,9811461,1,20250605,2305,0,0,0,,,,,8,1,0,,,,,3,202506052305,33.184560031278004,130.387933,,,0,0,0,0,0,0,0,0,0,0
89,,9811470,1,20250605,2305,0,1,0,,,,,10,0,0,,,,,3,202506052305,33.0462530310748,130.431406,,,0,0,0,0,0,0,0,0,0,0
89,,9811480,1,20250605,2305,11,1,0,,,,,0,0,0,,,,,3,202506052305,33.055717031088754,130.4292,,,0,0,0,0,0,0,0,0,0,0
89,,9811490,1,20250605,2305,0,0,0,,,,,13,1,0,,,,,3,202506052305,33.069783031109466,130.42405,,,0,0,0,0,0,0,0,0,0,0
89,,9811500,1,20250605,2305,3,2,0,,,,,13,0,0,,,,,3,202506052305,33.077520031120855,130.428242,,,0,0,0,0,0,0,0,0,0,0
89,,9811510,1,20250605,2305,1,1,0,,,,,2,0,0,,,,,3,202506052305,33.08238303112801,130.433017,,,0,0,0,0,0,0,0,0,0,0
89,,9811520,1,20250605,2305,1,0,0,,,,,0,0,0,,,,,3,202506052305,33.11826103118075,130.430375,,,0,0,0,0,0,0,0,0,0,0
89,,9811540,1,20250605,2305,8,0,0,,,,,4,0,0,,,,,3,202506052305,33.15753403123839,130.478771,,,0,0,0,0,0,0,0,0,0,0
89,,9811550,1,20250605,2305,0,0,0,,,,,0,0,0,,,,,3,202506052305,33.22942603134362,130.505954,,,0,0,0,0,0,0,0,0,0,0
89,,9811560,1,20250605,2305,0,0,0,,,,,0,0,0,,,,,3,202506052305,33.23505203135184,130.507151,,,0,0,0,0,0,0,0,0,0,0
89,,9811570,1,20250605,2305,0,0,0,,,,,0,0,0,,,,,3,202506052305,33.24799503137074,130.509483,,,0,0,0,0,0,0,0,0,0,0
89,,9811580,1,20250605,2305,0,0,0,,,,,0,0,0,,,,,3,202506052305,33.25651503138319,130.509461,,,0,0,0,0,0,0,0,0,0,0
89,,9811590,1,20250605,2305,,,,,,,,,,,,,,,3,202506052305,33.31995703147561,130.594037,,,1,0,0,0,0,0,0,0,0,0
89,,9811600,1,20250605,2305,4,0,0,,,,,3,0,0,,,,,3,202506052305,33.345255031512394,130.730893,,,0,0,0,0,0,0,0,0,0,0
89,,9811610,1,20250605,2305,0,0,0,,,,,1,0,0,,,,,3,202506052305,33.3437500315102,130.752694,,,0,0,0,0,0,0,0,0,0,0
89,,9811620,1,20250605,2305,0,0,0,,,,,0,0,0,,,,,3,202506052305,33.33338803149515,130.801953,,,0,0,0,0,0,0,0,0,0,0
89,,9811630,1,20250605,2305,2,0,0,,,,,7,0,0,,,,,3,202506052305,33.33357603149542,130.817928,,,0,0,0,0,0,0,0,0,0,0
89,,9811640,1,20250605,2305,3,0,0,,,,,6,1,0,,,,,3,202506052305,33.33658103149978,130.839667,,,0,0,0,0,0,0,0,0,0,0
89,,9811650,1,20250605,2305,3,1,0,,,,,8,1,0,,,,,3,202506052305,33.331960031493075,130.852326,,,0,0,0,0,0,0,0,0,0,0
89,,9811660,1,20250605,2305,3,1,0,,,,,1,0,0,,,,,3,202506052305,33.307732031457824,130.915379,,,0,0,0,0,0,0,0,0,0,0
89,,9811670,1,20250605,2305,2,2,0,,,,,5,0,0,,,,,3,202506052305,33.29883403144486,130.938844,,,0,0,0,0,0,0,0,0,0,0
89,,9811680,1,20250605,2305,1,0,0,,,,,4,0,0,,,,,3,202506052305,33.29818903144393,130.952388,,,0,0,0,0,0,0,0,0,0,0
89,,9811690,1,20250605,2305,3,0,0,,,,,3,0,0,,,,,3,202506052305,33.29921203144541,130.96937,,,0,0,0,0,0,0,0,0,0,0
89,,9811700,1,20250605,2305,2,0,0,,,,,0,0,0,,,,,3,202506052305,33.261645031390664,131.01058,,,0,0,0,0,0,0,0,0,0,0
89,,9811710,1,20250605,2305,3,0,0,,,,,4,0,0,,,,,3,202506052305,33.28000003141744,131.128611,,,0,0,0,0,0,0,0,0,0,0
89,,9811720,1,20250605,2305,0,0,0,,,,,1,0,0,,,,,3,202506052305,33.237877031355964,131.175263,,,0,0,0,0,0,0,0,0,0,0
89,,9811730,1,20250605,2305,0,0,0,,,,,0,0,0,,,,,3,202506052305,33.2405000313598,131.224187,,,0,0,0,0,0,0,0,0,0,0
89,,9811740,1,20250605,2305,1,1,0,,,,,3,2,0,,,,,3,202506052305,33.25496403138093,131.328533,,,0,0,0,0,0,0,0,0,0,0
89,,9811750,1,20250605,2305,0,0,0,,,,,2,0,0,,,,,3,202506052305,33.23715803135492,131.323213,,,0,0,0,0,0,0,0,0,0,0
89,,9811760,1,20250605,2305,0,0,0,,,,,0,0,0,,,,,3,202506052305,33.18331803127619,131.452171,,,0,0,0,0,0,0,0,0,0,0
89,,9811770,1,20250605,2305,,,,,,,,,,,,,,,3,202506052305,31.760789029127036,131.4707,,,1,0,0,0,0,0,0,0,0,0
89,,9811780,1,20250605,2305,,,,,,,,,,,,,,,3,202506052305,31.559046028812634,131.38327000000004,,,1,0,0,0,0,0,0,0,0,0
89,,9811790,1,20250605,2305,,,,,,,,,,,,,,,3,202506052305,31.547715028794922,131.378628,,,1,0,0,0,0,0,0,0,0,0
89,,9811810,1,20250605,2305,0,0,0,,,,,0,0,0,,,,,3,202506052305,31.45214102864519,131.212192,,,0,0,0,0,0,0,0,0,0,0
89,,9811820,1,20250605,2305,,,,,,,,,,,,,,,3,202506052305,31.46555602866623,131.154444,,,1,0,0,0,0,0,0,0,0,0
89,,9811830,1,20250605,2305,,,,,,,,,,,,,,,3,202506052305,31.447659028638157,131.051761,,,1,0,0,0,0,0,0,0,0,0
89,,9811840,1,20250605,2305,,,,,,,,,,,,,,,3,202506052305,31.388108028544615,130.811533,,,1,0,0,0,0,0,0,0,0,0
89,,9811850,1,20250605,2305,,,,,,,,,,,,,,,3,202506052305,31.41813502859181,130.764377,,,1,0,0,0,0,0,0,0,0,0
89,,9811860,1,20250605,2305,,,,,,,,,,,,,,,3,202506052305,31.542976028787507,130.706877,,,1,0,0,0,0,0,0,0,0,0
89,,9811870,1,20250605,2305,0,0,0,,,,,3,1,0,,,,,3,202506052305,31.557778028810663,130.718333,,,0,0,0,0,0,0,0,0,0,0
89,,9811880,1,20250605,2305,,,,,,,,,,,,,,,3,202506052305,31.647658028950993,130.819552,,,1,0,0,0,0,0,0,0,0,0
89,,9811890,1,20250605,2305,,,,,,,,,,,,,,,3,202506052305,31.413693028584817,130.760963,,,1,0,0,0,0,0,0,0,0,0
89,,9811900,1,20250605,2305,,,,,,,,,,,,,,,3,202506052305,31.27982902837409,130.291795,,,1,0,0,0,0,0,0,0,0,0
89,,9811910,1,20250605,2305,1,0,0,,,,,0,0,0,,,,,3,202506052305,31.2913800283923,130.293564,,,0,0,0,0,0,0,0,0,0,0
89,,9811920,1,20250605,2305,2,0,0,,,,,0,0,0,,,,,3,202506052305,31.327343028448986,130.334728,,,0,0,0,0,0,0,0,0,0,0
89,,9811930,1,20250605,2305,6,0,0,,,,,1,1,0,,,,,3,202506052305,31.494637028711818,130.506308,,,0,0,0,0,0,0,0,0,0,0
89,,9811940,1,20250605,2305,0,0,0,,,,,0,0,0,,,,,3,202506052305,31.527877028763886,130.521631,,,0,0,0,0,0,0,0,0,0,0
89,,9811950,1,20250605,2305,4,0,0,,,,,1,0,0,,,,,3,202506052305,31.289730028389716,130.60717200000002,,,0,0,0,0,0,0,0,0,0,0
89,,9811960,1,20250605,2305,3,0,0,,,,,7,0,0,,,,,3,202506052305,31.323917028443603,130.564308,,,0,0,0,0,0,0,0,0,0,0
89,,9811970,1,20250605,2305,,,,,,,,,,,,,,,3,202506052305,31.466390028667544,130.513245,,,1,0,0,0,0,0,0,0,0,0
89,,9811980,1,20250605,2305,1,0,0,,,,,0,0,0,,,,,3,202506052305,33.34976603151893,129.764492,,,0,0,0,0,0,0,0,0,0,0
89,,9812010,1,20250605,2305,12,1,0,,,,,3,3,0,,,,,3,202506052305,33.13956403121204,129.784069,,,0,0,0,0,0,0,0,0,0,0
89,,9812020,1,20250605,2305,8,0,0,,,,,5,1,0,,,,,3,202506052305,33.28640603142677,130.150153,,,0,0,0,0,0,0,0,0,0,0
89,,9812030,1,20250605,2305,1,3,0,,,,,5,1,0,,,,,3,202506052305,33.0852950311323,131.637799,,,0,0,0,0,0,0,0,0,0,0
89,,9812040,1,20250605,2305,0,0,0,,,,,0,0,0,,,,,3,202506052305,32.56861103036308,131.553056,,,0,0,0,0,0,0,0,0,0,0
89,,9812050,1,20250605,2305,21,0,0,,,,,0,4,0,,,,,3,202506052305,33.55027803180869,130.478333,,,0,0,0,0,0,0,0,0,0,0
89,,9812060,1,20250605,2305,1,1,0,,,,,0,0,0,,,,,3,202506052305,32.92625003089743,131.00539,,,0,0,0,0,0,0,0,0,0,0
89,,9812070,1,20250605,2305,0,0,0,,,,,0,0,0,,,,,3,202506052305,32.90000003085849,130.933611,,,0,0,0,0,0,0,0,0,0,0
89,,9812080,1,20250605,2305,0,2,0,,,,,7,2,0,,,,,3,202506052305,33.27595303141153,130.319462,,,0,0,0,0,0,0,0,0,0,0
89,,9812090,1,20250605,2305,,,,,,,,,,,,,,,3,202506052305,33.59653803187511,130.611685,,,1,,,,,,,,,
89,,9812100,1,20250605,2305,9,2,0,,,,,0,0,0,,,,,3,202506052305,33.05235003108379,130.430417,,,0,0,0,0,0,0,0,0,0,0
89,,9812110,1,20250605,2305,0,0,0,,,,,0,0,0,,,,,3,202506052305,33.15888903124039,129.761111,,,0,0,0,0,0,0,0,0,0,0
89,,9812120,1,20250605,2305,4,0,0,,,,,8,1,0,,,,,3,202506052305,31.737096029090242,130.677414,,,0,0,0,0,0,0,0,0,0,0
89,,9812130,1,20250605,2305,11,1,0,,,,,22,1,0,,,,,3,202506052305,33.32114903147733,130.391671,,,0,0,0,0,0,0,0,0,0,0
89,,9812140,1,20250605,2305,0,0,0,,,,,0,0,0,,,,,3,202506052305,32.733917030611096,130.31245,,,0,0,0,0,0,0,0,0,0,0
