地方整備局等番号,開発建設部／都道府県コード,常時観測点コード,収集時間フラグ（5分間／1時間）,観測年月日,時間帯,上り・小型交通量,上り・大型交通量,上り・車種判別不能交通量,上り・停電,上り・ループ異常,上り・超音波異常,上り・欠測,下り・小型交通量,下り・大型交通量,下り・車種判別不能交通量,下り・停電,下り・ループ異常,下り・超音波異常,下り・欠測,道路種別,時間コード,lat,lng,lng2,lat2,カメラプリセット位置,気象影響による映像不良,照度不足,突発事象（交通事故等）,サーバの稼働,カメラの映像受信,映像のデコード処理,デコード映像から映像解析機能への取込加工処理の失敗,映像解析機能のフリーズ,その他エラー
81,02,1110010,1,20261003,840,37,11,0,0,0,0,0,53,15,0,0,0,0,0,3,202610030840,41.93108757020422,140.6421045,,,,,,,,,,,,
81,02,1110020,1,20261003,840,21,9,0,0,0,0,0,31,13,0,0,0,0,0,3,202610030840,42.1540981903046,140.4840606,,,,,,,,,,,,
81,03,1110030,1,20261003,840,2,1,0,0,0,0,0,6,1,0,0,0,0,0,3,202610030840,42.672714040509845,140.377502,,,,,,,,,,,,
81,03,1110050,1,20261003,840,29,9,0,0,0,0,0,39,5,0,0,0,0,0,3,202610030840,43.121255040655214,140.735792,,,,,,,,,,,,
81,03,1110060,1,20261003,840,46,2,0,0,0,0,0,27,4,0,0,0,0,0,3,202610030840,43.19868804067728,140.862496,,,,,,,,,,,,
81,03,1110080,1,20261003,840,74,7,0,0,0,0,0,56,4,0,0,0,0,0,3,202610030840,43.153022040664396,141.118728,,,,,,,,,,,,
81,01,1110090,1,20261003,840,72,7,0,0,0,0,0,74,5,0,0,0,0,0,3,202610030840,43.08364407064419,141.3496424,,,,,,,,,,,,
81,02,1110100,1,20261003,840,79,8,0,0,0,0,0,80,12,0,0,0,0,0,3,202610030840,41.855509180168546,140.7378302,,,,,,,,,,,,
81,02,1110110,1,20261003,840,35,3,0,0,0,0,0,44,6,0,0,0,0,0,3,202610030840,41.91094404019478,140.69325,,,,,,,,,,,,
81,03,1110120,1,20261003,840,2,0,0,0,0,0,0,7,0,0,0,0,0,0,3,202610030840,42.65674504050413,140.412444,,,,,,,,,,,,
81,01,1110130,1,20261003,840,48,3,0,0,0,0,0,49,3,0,0,0,0,0,3,202610030840,43.18473404067338,141.721783,,,,,,,,,,,,
81,01,1110140,1,20261003,840,23,6,0,0,0,0,0,23,5,0,0,0,0,0,3,202610030840,43.351557040718205,141.866096,,,,,,,,,,,,
81,04,1110150,1,20261003,840,63,19,0,0,0,0,0,44,11,0,0,0,0,0,3,202610030840,43.72678204080376,142.211538,,,,,,,,,,,,
81,04,1110160,1,20261003,840,39,8,14,0,0,0,0,51,7,3,0,0,0,0,3,202610030840,43.798283040817644,142.333692,,,,,,,,,,,,
81,01,1110170,1,20261003,840,0,0,0,0,0,1,0,0,0,0,0,0,1,0,3,202610030840,42.95409804060455,141.495931,,,,,,,,,,,,
81,05,1110180,1,20261003,840,79,9,0,0,0,0,0,33,3,0,0,0,0,0,3,202610030840,42.619514790490626,141.5539538,,,,,,,,,,,,
81,05,1110190,1,20261003,840,54,8,0,0,0,0,0,54,4,0,0,0,0,0,3,202610030840,42.38500765040089,141.0774629,,,,,,,,,,,,
81,05,1110200,1,20261003,840,0,0,0,0,0,1,0,11,5,0,0,0,0,0,3,202610030840,42.60033645048358,140.6268309,,,,,,,,,,,,
81,01,1110220,1,20261003,840,13,7,0,0,0,0,0,4,1,0,0,0,0,0,3,202610030840,43.53094035076174,142.1739006,,,,,,,,,,,,
81,04,1110230,1,20261003,840,11,3,0,0,0,0,0,22,2,0,0,0,0,0,3,202610030840,43.34513804071655,142.377435,,,,,,,,,,,,
81,04,1110240,1,20261003,840,0,0,15,0,0,1,0,0,0,23,0,0,1,0,3,202610030840,43.16138604066678,142.575567,,,,,,,,,,,,
81,07,1110250,1,20261003,840,,,,0,0,0,1,,,,0,0,0,1,3,202610030840,42.96760298060881,142.8955221,,,,,,,,,,,,
81,07,1110260,1,20261003,840,35,0,0,0,0,0,0,26,6,1,0,0,0,0,3,202610030840,42.91673291059265,143.2700872,,,,,,,,,,,,
81,07,1110270,1,20261003,840,1,3,0,0,0,0,0,11,2,0,0,0,0,0,3,202610030840,42.832729040565155,143.765979,,,,,,,,,,,,
81,06,1110280,1,20261003,840,20,5,0,0,0,0,0,16,7,0,0,0,0,0,3,202610030840,43.002010860619514,144.2464972,,,,,,,,,,,,
81,06,1110281,1,20261003,840,52,4,0,0,0,0,0,30,7,0,0,0,0,0,3,202610030840,43.03483108062955,144.3754256,,,,,,,,,,,,
81,06,1110282,1,20261003,840,38,8,0,0,0,0,0,30,14,0,0,0,0,0,3,202610030840,43.01628558062389,144.4224501,,,,,,,,,,,,
81,06,1110283,1,20261003,840,11,3,0,0,0,0,0,12,10,0,0,0,0,0,3,202610030840,43.00268904061971,144.473627,,,,,,,,,,,,
81,04,1110290,1,20261003,840,33,5,0,0,0,0,0,18,2,0,0,0,0,0,3,202610030840,43.818868040821506,142.447347,,,,,,,,,,,,
81,04,1110300,1,20261003,840,9,2,0,0,0,0,0,0,0,4,0,0,1,0,3,202610030840,43.84894404082702,142.744489,,,,,,,,,,,,
81,04,1110310,1,20261003,840,8,3,0,0,0,0,0,0,0,11,0,0,1,0,3,202610030840,43.781848040814516,142.90227300000004,,,,,,,,,,,,
81,08,1110320,1,20261003,840,12,1,0,0,1,0,0,4,1,0,0,1,0,0,3,202610030840,43.750539740808456,143.4918536,,,,,,,,,,,,
81,08,1110330,1,20261003,840,31,1,1,0,0,0,0,25,2,0,0,1,0,0,3,202610030840,43.79818204081763,143.833134,,,,,,,,,,,,
81,08,1110331,1,20261003,840,13,3,0,0,0,0,0,8,1,0,0,0,0,0,3,202610030840,43.7822242308146,143.8981667,,,,,,,,,,,,
81,08,1110332,1,20261003,840,6,4,0,0,0,0,0,11,1,0,0,0,0,0,3,202610030840,43.80292804081852,143.926029,,,,,,,,,,,,
81,08,1110340,1,20261003,840,,,,0,0,0,1,,,,0,0,0,1,3,202610030840,43.85309704082778,144.102175,,,,,,,,,,,,
81,08,1110350,1,20261003,840,12,1,0,0,0,0,0,18,5,0,0,0,0,0,3,202610030840,43.87040004083089,144.150466,,,,,,,,,,,,
81,04,1110360,1,20261003,840,,,,0,0,0,1,,,,0,0,0,1,3,202610030840,43.819632040821645,142.40886,,,,,,,,,,,,
81,04,1110370,1,20261003,840,16,3,1,0,0,0,0,16,2,0,0,0,0,0,3,202610030840,43.9375450408425,142.46586,,,,,,,,,,,,
81,04,1110380,1,20261003,840,,,,0,0,0,1,,,,0,0,0,1,3,202610030840,44.49438804091256,142.340371,,,,,,,,,,,,
81,04,1110390,1,20261003,840,3,1,0,0,0,0,0,5,0,0,0,0,0,0,3,202610030840,44.82270404093181,142.065768,,,,,,,,,,,,
81,04,1110400,1,20261003,840,9,5,0,0,0,0,0,9,2,0,0,0,0,0,3,202610030840,44.331686040896926,142.446612,,,,,,,,,,,,
81,04,1110410,1,20261003,840,23,2,0,0,0,0,0,11,2,0,0,0,0,0,3,202610030840,44.4124520409052,142.40433,,,,,,,,,,,,
81,04,1110420,1,20261003,840,9,2,0,0,0,0,0,,,,0,0,0,1,3,202610030840,44.436504040907465,142.370834,,,,,,,,,,,,
81,04,1110430,1,20261003,840,23,3,0,0,0,0,0,16,1,0,0,0,0,0,3,202610030840,44.46719604091022,142.373557,,,,,,,,,,,,
81,04,1110431,1,20261003,840,27,4,0,0,0,0,0,12,1,0,0,0,0,0,3,202610030840,44.49400304091251,142.349754,,,,,,,,,,,,
81,10,1110440,1,20261003,840,,,,0,0,0,1,,,,0,0,0,1,3,202610030840,45.01690604093549,141.836757,,,,,,,,,,,,
81,10,1110460,1,20261003,840,,,,0,0,0,1,,,,0,0,0,1,3,202610030840,45.20892604093353,141.770096,,,,,,,,,,,,
81,06,1110470,1,20261003,840,29,0,0,0,0,0,0,17,1,0,0,0,0,0,3,202610030840,42.99479183061728,144.4493526,,,,,,,,,,,,
81,06,1110480,1,20261003,840,13,3,0,0,0,0,0,8,1,0,0,0,0,0,3,202610030840,43.13343702065876,145.0159693,,,,,,,,,,,,
81,02,1110490,1,20261003,840,14,1,0,0,0,0,0,14,7,0,0,0,0,0,3,202610030840,41.89734796018839,140.6338191,,,,,,,,,,,,
81,02,1110500,1,20261003,840,12,1,0,0,1,0,0,5,0,1,0,0,0,0,3,202610030840,41.480587619979374,140.2558047,,,,,,,,,,,,
81,02,1110510,1,20261003,840,48,7,0,0,0,0,0,45,5,0,0,0,0,0,3,202610030840,41.83901009016065,140.7069415,,,,,,,,,,,,
81,02,1110520,1,20261003,840,27,4,0,0,1,0,0,39,3,0,0,1,0,0,3,202610030840,41.83229743015742,140.67026760000002,,,,,,,,,,,,
81,02,1110530,1,20261003,840,12,1,0,0,0,0,0,16,2,0,0,0,0,0,3,202610030840,41.82065939015182,140.6236414,,,,,,,,,,,,
81,03,1110540,1,20261003,840,1,0,0,0,0,0,0,0,0,0,0,0,1,0,3,202610030840,43.24834804069096,140.33431600000003,,,,,,,,,,,,
81,03,1110550,1,20261003,840,0,0,0,0,0,1,0,5,2,0,0,0,0,0,3,202610030840,42.96644104060844,140.471476,,,,,,,,,,,,
81,03,1110560,1,20261003,840,0,0,0,0,0,0,0,0,0,0,0,0,0,0,3,202610030840,42.69059604051622,139.972281,,,,,,,,,,,,
81,02,1110570,1,20261003,840,3,0,0,0,0,0,0,5,0,0,0,0,0,0,3,202610030840,42.068390450266875,140.0715584,,,,,,,,,,,,
81,01,1110600,1,20261003,840,41,8,0,0,0,0,0,43,3,0,0,0,0,0,3,202610030840,43.1876802706742,141.3248983,,,,,,,,,,,,
81,01,1110610,1,20261003,840,3,0,0,0,0,0,0,0,0,0,0,0,1,0,3,202610030840,43.377555040724815,141.428392,,,,,,,,,,,,
81,09,1110620,1,20261003,840,10,2,0,0,0,0,0,10,0,0,0,0,0,0,3,202610030840,43.89116004083455,141.602442,,,,,,,,,,,,
81,09,1110630,1,20261003,840,9,0,0,0,0,0,0,6,2,0,0,0,0,0,3,202610030840,44.71198204092715,141.790418,,,,,,,,,,,,
81,09,1110640,1,20261003,840,14,1,0,0,0,0,0,8,2,0,0,0,0,0,3,202610030840,43.99996504085269,141.656227,,,,,,,,,,,,
81,01,1110650,1,20261003,840,8,3,0,0,0,0,0,3,5,0,0,0,0,0,3,202610030840,43.76598569081147,141.953873,,,,,,,,,,,,
81,09,1110660,1,20261003,840,8,2,0,0,0,0,0,4,2,0,0,0,0,0,3,202610030840,43.919969040839526,141.687135,,,,,,,,,,,,
81,01,1110670,1,20261003,840,5,0,0,0,0,0,0,9,1,0,0,0,0,0,3,202610030840,43.719328040802246,141.995229,,,,,,,,,,,,
81,01,1110680,1,20261003,840,9,0,0,0,0,0,0,11,2,1,0,0,0,0,3,202610030840,43.80247704081843,141.939455,,,,,,,,,,,,
81,01,1110690,1,20261003,840,16,2,0,0,0,0,0,7,2,0,0,0,0,0,3,202610030840,43.804048040818735,141.856355,,,,,,,,,,,,
81,09,1110700,1,20261003,840,0,0,0,0,1,1,0,18,4,0,0,0,0,0,3,202610030840,43.84518804082634,141.778679,,,,,,,,,,,,
81,09,1110701,1,20261003,840,20,0,0,0,0,0,0,12,2,0,0,0,0,0,3,202610030840,43.87822704083228,141.723595,,,,,,,,,,,,
81,09,1110702,1,20261003,840,19,3,0,0,0,0,0,14,1,0,0,0,0,0,3,202610030840,43.928072040840895,141.68278,,,,,,,,,,,,
81,01,1110710,1,20261003,840,10,2,0,0,0,1,0,23,6,0,0,0,0,0,3,202610030840,43.11269117065273,141.74737440000004,,,,,,,,,,,,
81,05,1110720,1,20261003,840,21,6,2,0,0,0,0,8,4,1,0,0,0,0,3,202610030840,42.81091575055783,141.8315435,,,,,,,,,,,,
81,05,1110730,1,20261003,840,11,6,0,0,0,0,0,16,7,0,0,0,0,0,3,202610030840,42.57481157047414,141.9503395,,,,,,,,,,,,
81,05,1110740,1,20261003,840,20,2,0,0,0,0,0,15,2,0,0,0,0,0,3,202610030840,42.18634909031852,142.7152599,,,,,,,,,,,,
81,05,1110750,1,20261003,840,0,0,0,0,0,1,0,5,0,0,0,0,0,0,3,202610030840,42.67572651051092,141.724241,,,,,,,,,,,,
81,05,1110760,1,20261003,840,47,4,0,0,0,0,0,24,7,0,0,0,0,0,3,202610030840,42.65945501050509,141.8200069,,,,,,,,,,,,
81,05,1110770,1,20261003,840,25,1,0,0,0,0,0,19,4,0,0,0,0,0,3,202610030840,42.5992918904832,141.8930837,,,,,,,,,,,,
81,07,1110780,1,20261003,840,11,4,0,0,0,0,0,4,1,0,0,0,0,0,3,202610030840,42.47939292043798,143.273263,,,,,,,,,,,,
81,05,1110790,1,20261003,840,4,1,0,0,0,0,0,1,0,0,0,0,0,0,3,202610030840,42.23567851033952,142.9927157,,,,,,,,,,,,
81,07,1110800,1,20261003,840,12,0,1,0,0,0,0,6,1,0,0,0,0,0,3,202610030840,42.944556830601535,143.1061614,,,,,,,,,,,,
81,07,1110810,1,20261003,840,11,3,0,0,0,0,0,14,6,0,0,0,0,0,3,202610030840,42.8783228205802,143.1246418,,,,,,,,,,,,
81,07,1110820,1,20261003,840,28,7,0,0,0,0,0,13,7,0,0,0,0,0,3,202610030840,42.772632730544835,143.175416,,,,,,,,,,,,
81,07,1110830,1,20261003,840,11,4,1,0,0,0,0,11,5,0,0,0,0,0,3,202610030840,42.722047130527294,143.168571,,,,,,,,,,,,
81,07,1110831,1,20261003,840,15,3,0,0,0,0,0,12,4,0,0,0,0,0,3,202610030840,42.67773204051164,143.145688,,,,,,,,,,,,
81,07,1110832,1,20261003,840,9,3,0,0,0,0,0,6,1,0,0,0,0,0,3,202610030840,42.637427040497144,143.190237,,,,,,,,,,,,
81,07,1110833,1,20261003,840,12,2,0,0,0,0,0,5,1,0,0,0,0,0,3,202610030840,42.550911040465216,143.288527,,,,,,,,,,,,
81,04,1110840,1,20261003,840,28,2,0,0,0,0,0,12,2,0,0,0,0,0,3,202610030840,43.67766304079377,142.395871,,,,,,,,,,,,
81,04,1110850,1,20261003,840,6,2,0,0,0,0,0,6,0,0,0,0,0,0,3,202610030840,43.142849040661474,142.416499,,,,,,,,,,,,
81,05,1110860,1,20261003,840,43,12,0,0,0,0,0,19,11,0,0,0,0,0,3,202610030840,42.56014623046868,141.984126,,,,,,,,,,,,
81,05,1110861,1,20261003,840,31,10,0,0,0,0,0,15,3,0,0,0,0,0,3,202610030840,42.511718620450374,142.0646378,,,,,,,,,,,,
81,05,1110862,1,20261003,840,11,0,0,0,0,0,0,16,2,0,0,0,0,0,3,202610030840,42.476880240437005,142.1551718,,,,,,,,,,,,
81,08,1110870,1,20261003,840,6,1,0,0,1,0,0,8,3,0,0,1,0,0,3,202610030840,44.122097850870915,144.0483972,,,,,,,,,,,,
81,08,1110881,1,20261003,840,18,4,0,0,0,0,0,8,12,0,0,0,0,0,3,202610030840,44.24722204088725,143.491111,,,,,,,,,,,,
81,08,1110890,1,20261003,840,10,1,0,0,1,0,0,6,0,0,0,1,0,0,3,202610030840,44.571011040918506,142.9747586,,,,,,,,,,,,
81,10,1110900,1,20261003,840,,,,0,0,0,1,,,,0,0,0,1,3,202610030840,45.401916040925876,141.74393,,,,,,,,,,,,
81,04,1110910,1,20261003,840,6,2,0,0,0,0,0,0,0,0,0,0,1,0,3,202610030840,44.33124604089689,142.51453,,,,,,,,,,,,
81,04,1110920,1,20261003,840,,,,0,0,0,1,,,,0,0,0,1,3,202610030840,44.17901104087865,142.27833,,,,,,,,,,,,
81,06,1110930,1,20261003,840,10,1,0,0,0,0,0,19,4,0,0,0,0,0,3,202610030840,43.094167250647295,144.1218925,,,,,,,,,,,,
81,08,1110941,1,20261003,840,8,10,0,0,1,0,0,4,4,0,0,1,0,0,3,202610030840,43.69889304079811,144.026451,,,,,,,,,,,,
81,07,1110950,1,20261003,840,15,3,0,0,0,0,0,16,5,1,0,0,0,0,3,202610030840,43.204237410678836,143.2746363,,,,,,,,,,,,
81,07,1110960,1,20261003,840,3,3,0,0,0,0,0,11,6,0,0,0,0,0,3,202610030840,43.458400040744706,143.740097,,,,,,,,,,,,
81,07,1110970,1,20261003,840,15,5,0,0,0,0,0,13,6,0,0,0,0,0,3,202610030840,43.110542040652106,143.580506,,,,,,,,,,,,
81,06,1110980,1,20261003,840,7,1,0,0,0,0,0,4,1,0,0,0,0,0,3,202610030840,43.55969036076827,144.3196517,,,,,,,,,,,,
81,06,1110990,1,20261003,840,9,4,0,0,0,0,0,5,0,0,0,0,0,0,3,202610030840,43.46525075074637,144.6738938,,,,,,,,,,,,
81,06,1111000,1,20261003,840,7,1,0,0,0,0,0,4,1,0,0,0,0,0,3,202610030840,43.3767268407246,145.1354671,,,,,,,,,,,,
81,08,1111010,1,20261003,840,22,3,0,0,1,0,0,25,3,0,0,1,0,0,3,202610030840,43.98185858084978,144.2978521,,,,,,,,,,,,
81,06,1111020,1,20261003,840,5,0,0,0,0,0,0,7,0,0,0,0,0,0,3,202610030840,43.58981766077498,145.2084661,,,,,,,,,,,,
81,06,1111030,1,20261003,840,19,2,0,0,0,0,0,5,1,0,0,0,0,0,3,202610030840,43.02214121062568,144.5287192,,,,,,,,,,,,
81,06,1111040,1,20261003,840,0,0,28,0,0,1,0,27,6,0,0,1,0,0,3,202610030840,43.53929381076365,144.9801323,,,,,,,,,,,,
81,08,1111050,1,20261003,840,11,1,0,0,1,0,0,9,1,0,0,0,0,0,3,202610030840,44.25159504088778,143.262315,,,,,,,,,,,,
81,01,1111060,1,20261003,840,4,3,0,0,0,0,0,11,0,0,0,0,0,0,3,202610030840,42.938085080599464,142.0403856,,,,,,,,,,,,
81,07,1111080,1,20261003,840,6,3,0,0,0,0,0,4,1,0,0,0,0,0,3,202610030840,42.97320004061056,142.816438,,,,,,,,,,,,
81,01,1111090,1,20261003,840,39,8,0,0,0,0,0,61,8,0,0,0,0,0,3,202610030840,43.12130790065524,141.4830387,,,,,,,,,,,,
81,01,1111100,1,20261003,840,33,4,0,0,0,0,0,24,5,0,0,0,0,0,3,202610030840,43.43463367073897,141.8216186,,,,,,,,,,,,
81,01,1111110,1,20261003,840,13,0,0,0,0,0,0,9,1,0,0,0,0,0,3,202610030840,43.57168557077097,141.8750113,,,,,,,,,,,,
81,02,1111130,1,20261003,840,48,4,0,0,1,0,0,44,3,0,0,0,0,0,3,202610030840,41.77319404012875,140.796333,,,,,,,,,,,,
81,02,1111140,1,20261003,840,2,0,0,0,0,0,0,1,1,0,0,0,0,0,3,202610030840,42.03841781025344,140.8062566,,,,,,,,,,,,
81,02,1111145,1,20261003,840,80,9,0,0,0,0,0,97,13,0,0,0,0,0,3,202610030840,41.84000143016112,140.7552781,,,,,,,,,,,,
81,08,1111150,1,20261003,840,4,2,0,0,1,0,0,1,1,0,0,1,0,0,3,202610030840,44.010611040854364,143.413281,,,,,,,,,,,,
81,08,1111160,1,20261003,840,21,2,0,0,0,0,0,16,1,1,0,0,0,0,3,202610030840,43.962452040846635,143.715644,,,,,,,,,,,,
81,01,1111180,1,20261003,840,0,0,27,0,0,1,0,0,0,0,0,1,1,0,3,202610030840,42.815960640559524,141.6810393,,,,,,,,,,,,
81,01,1111190,1,20261003,840,0,0,22,0,0,1,0,2,0,38,0,0,1,0,3,202610030840,42.83070733056448,141.6903091,,,,,,,,,,,,
81,01,1111200,1,20261003,840,31,7,2,0,0,0,0,26,2,0,0,1,0,0,3,202610030840,42.860948090574496,141.7104933,,,,,,,,,,,,
81,01,1111210,1,20261003,840,16,5,0,0,0,0,0,0,0,0,0,0,1,0,3,202610030840,43.18556004067363,141.554044,,,,,,,,,,,,
81,06,1111220,1,20261003,840,7,2,0,0,0,0,0,8,3,0,0,0,0,0,3,202610030840,43.37269109072359,144.5593071,,,,,,,,,,,,
81,08,1111230,1,20261003,840,3,1,0,0,0,0,0,0,0,0,0,0,0,0,3,202610030840,43.81126104082009,144.489672,,,,,,,,,,,,
81,06,1111240,1,20261003,840,2,0,0,0,0,0,0,4,1,0,0,0,0,0,3,202610030840,42.99604737061767,144.0391088,,,,,,,,,,,,
81,03,1111250,1,20261003,840,5,0,0,0,0,0,0,8,4,0,0,0,0,0,3,202610030840,43.089578040645954,140.955582,,,,,,,,,,,,
81,04,1111260,1,20261003,840,15,3,0,0,0,0,0,7,0,0,0,0,0,0,3,202610030840,43.92330404084009,142.480139,,,,,,,,,,,,
81,04,1111270,1,20261003,840,0,0,14,0,0,0,0,0,0,9,0,0,0,0,3,202610030840,43.90347904083668,142.548538,,,,,,,,,,,,
81,04,1111280,1,20261003,840,22,6,0,0,0,0,0,25,1,0,0,0,0,0,3,202610030840,43.88962304083429,142.598335,,,,,,,,,,,,
81,04,1111290,1,20261003,840,25,7,0,0,0,0,0,23,0,0,0,0,0,0,3,202610030840,43.840859040825556,142.737691,,,,,,,,,,,,
81,04,1111300,1,20261003,840,20,2,0,0,0,0,0,3,0,0,0,0,0,0,3,202610030840,43.843162040825966,142.799904,,,,,,,,,,,,
81,04,1111310,1,20261003,840,,,,0,0,0,1,,,,0,0,0,1,3,202610030840,43.885885060833616,142.99375530000003,,,,,,,,,,,,
81,08,1111320,1,20261003,840,,,,0,0,0,1,,,,0,0,0,1,3,202610030840,43.942327040843296,143.272964,,,,,,,,,,,,
81,08,1111321,1,20261003,840,18,4,0,0,0,0,0,11,0,0,0,0,0,0,3,202610030840,44.005186040853516,143.417614,,,,,,,,,,,,
81,08,1111322,1,20261003,840,21,2,0,0,0,0,0,11,0,0,0,0,0,0,3,202610030840,44.010190040854305,143.450296,,,,,,,,,,,,
81,01,1111330,1,20261003,840,21,2,0,0,0,0,0,38,1,0,0,0,0,0,3,202610030840,42.93896478059976,141.3440037,,,,,,,,,,,,
81,05,1111340,1,20261003,840,12,1,0,0,0,0,0,9,2,0,0,0,0,0,3,202610030840,42.559147540468295,140.8961254,,,,,,,,,,,,
81,01,1111350,1,20261003,840,20,8,0,0,0,0,0,31,8,0,0,0,0,0,3,202610030840,42.88313893058179,141.7190833,,,,,,,,,,,,
81,01,1111360,1,20261003,840,19,5,0,0,0,0,0,28,12,0,0,0,0,0,3,202610030840,42.91387104059173,141.717002,,,,,,,,,,,,
81,01,1111370,1,20261003,840,9,2,0,0,0,0,0,8,2,0,0,0,0,0,3,202610030840,43.05425404063542,141.635599,,,,,,,,,,,,
81,02,1111380,1,20261003,840,64,7,0,0,0,0,0,63,7,0,0,0,0,0,3,202610030840,41.822662040152785,140.7753,,,,,,,,,,,,
81,02,1111390,1,20261003,840,22,4,0,0,0,0,0,21,4,0,0,0,0,0,3,202610030840,41.80204204014281,140.800817,,,,,,,,,,,,
81,02,1111400,1,20261003,840,18,0,0,0,0,0,0,14,2,0,0,0,0,0,3,202610030840,41.75457904011961,140.573825,,,,,,,,,,,,
81,04,1111410,1,20261003,840,3,0,0,0,0,0,0,2,1,0,0,0,0,0,3,202610030840,43.35314804071861,142.36145400000004,,,,,,,,,,,,
81,04,1111420,1,20261003,840,6,3,0,0,0,0,0,5,4,0,0,0,0,0,3,202610030840,43.3038010407058,142.381627,,,,,,,,,,,,
81,06,1111500,1,20261003,840,14,0,0,0,0,0,0,4,4,0,0,0,0,0,3,202610030840,43.29111104070245,145.517778,,,,,,,,,,,,
81,03,1111600,1,20261003,840,17,1,0,0,0,0,0,12,2,0,0,0,0,0,3,202610030840,43.162210040667006,140.797074,,,,,,,,,,,,
81,06,1160010,1,20261003,840,16,6,0,0,0,0,0,16,2,0,0,0,0,0,1,202610030840,43.12053262065503,143.6537933,,,,,,,,,,,,
81,06,1160020,1,20261003,840,22,6,0,0,0,0,0,23,2,0,0,0,0,0,1,202610030840,43.12244095065557,143.6787104,,,,,,,,,,,,
81,06,1160030,1,20261003,840,23,2,0,0,0,0,0,14,3,0,0,0,0,0,1,202610030840,43.081215390643465,143.9874923,,,,,,,,,,,,
81,06,1160040,1,20261003,840,22,6,0,0,0,0,0,17,3,0,0,0,0,0,1,202610030840,43.08452217064445,144.1232336,,,,,,,,,,,,
81,06,1160050,1,20261003,840,35,6,0,0,0,0,0,6,1,0,0,0,0,0,1,202610030840,43.09138904064647,144.173494,,,,,,,,,,,,
81,06,1160060,1,20261003,840,47,7,0,0,0,0,0,19,5,0,0,0,0,0,1,202610030840,43.04670304063314,144.303761,,,,,,,,,,,,
81,08,1160120,1,20261003,840,4,2,0,0,0,0,0,2,0,0,0,0,0,0,1,202610030840,43.69663004079766,143.731065,,,,,,,,,,,,
81,08,1160130,1,20261003,840,15,0,0,0,0,0,0,7,0,0,0,0,0,0,1,202610030840,43.7375680408059,143.819828,,,,,,,,,,,,
81,02,1310010,1,20261003,840,11,3,0,0,0,0,0,16,4,0,0,0,0,0,3,202610030840,41.9090560401939,140.682556,,,,,,,,,,,,
81,02,1310020,1,20261003,840,28,4,0,0,0,0,0,28,6,0,0,0,0,0,3,202610030840,42.0164720402435,140.622028,,,,,,,,,,,,
81,02,1310030,1,20261003,840,21,3,0,0,0,0,0,13,7,0,0,0,0,0,3,202610030840,42.44355604042405,140.326972,,,,,,,,,,,,
81,03,1310040,1,20261003,840,33,7,0,0,0,0,0,31,4,0,0,0,0,0,3,202610030840,43.005875040620694,140.666614,,,,,,,,,,,,
81,01,1310050,1,20261003,840,25,0,0,0,0,1,0,30,1,0,0,0,1,0,3,202610030840,43.13178497065829,141.1990678,,,,,,,,,,,,
81,01,1310060,1,20261003,840,84,12,0,0,0,0,0,48,10,0,0,0,0,0,3,202610030840,43.06547437063878,141.3767481,,,,,,,,,,,,
81,01,1310070,1,20261003,840,59,9,0,0,0,0,0,77,6,0,0,0,0,0,3,202610030840,43.048510140633695,141.4108604,,,,,,,,,,,,
81,01,1310080,1,20261003,840,89,5,0,0,0,0,0,76,3,0,0,0,0,0,3,202610030840,43.057749330636454,141.4844763,,,,,,,,,,,,
81,01,1310090,1,20261003,840,0,0,0,0,0,1,0,37,0,0,0,0,0,0,3,202610030840,43.294945650703454,141.8492997,,,,,,,,,,,,
81,01,1310100,1,20261003,840,75,6,0,0,0,0,0,32,1,0,0,0,0,0,3,202610030840,43.53544778076278,141.9200456,,,,,,,,,,,,
81,01,1310110,1,20261003,840,18,4,0,0,0,0,0,28,3,0,0,0,0,0,3,202610030840,43.66238455079058,141.9957268,,,,,,,,,,,,
81,01,1310120,1,20261003,840,0,0,0,0,0,1,0,75,7,0,0,0,0,0,3,202610030840,43.0094644106218,141.4241588,,,,,,,,,,,,
81,01,1310130,1,20261003,840,57,8,0,0,0,1,0,61,12,0,0,0,1,0,3,202610030840,42.85324004057195,141.609931,,,,,,,,,,,,
81,01,1310140,1,20261003,840,71,17,0,0,0,0,0,70,18,0,0,0,0,0,3,202610030840,42.79203104055144,141.693651,,,,,,,,,,,,
81,05,1310150,1,20261003,840,28,3,0,0,0,0,0,45,3,0,0,0,0,0,3,202610030840,42.483348820439495,141.2489566,,,,,,,,,,,,
81,05,1310160,1,20261003,840,42,5,0,0,0,0,0,63,3,0,0,0,0,0,3,202610030840,42.362402460391806,140.964739,,,,,,,,,,,,
81,05,1310170,1,20261003,840,29,2,0,0,1,0,0,29,1,0,0,0,0,0,3,202610030840,42.363565450392265,140.9519019,,,,,,,,,,,,
81,04,1310180,1,20261003,840,,,,0,0,0,1,,,,0,0,0,1,3,202610030840,43.22376604068423,142.378762,,,,,,,,,,,,
81,06,1310200,1,20261003,840,9,3,0,0,0,0,0,9,0,0,0,0,0,0,3,202610030840,42.89183628058462,143.9445233,,,,,,,,,,,,
81,06,1310210,1,20261003,840,29,10,1,0,0,0,0,14,3,0,0,1,0,0,3,202610030840,43.009797840621914,144.2786998,,,,,,,,,,,,
81,06,1310220,1,20261003,840,28,3,0,0,0,0,0,18,7,0,0,0,0,0,3,202610030840,43.02229809062573,144.2728472,,,,,,,,,,,,
81,08,1310230,1,20261003,840,24,11,0,0,1,0,0,18,6,0,0,1,0,0,3,202610030840,43.85893419082885,144.0808788,,,,,,,,,,,,
81,08,1310240,1,20261003,840,16,0,0,0,1,0,0,10,1,0,0,1,0,0,3,202610030840,44.01132969085448,144.2315868,,,,,,,,,,,,
81,04,1310250,1,20261003,840,26,4,2,0,0,0,0,21,4,1,0,0,0,0,3,202610030840,44.16725904087709,142.395004,,,,,,,,,,,,
81,04,1310260,1,20261003,840,26,0,0,0,0,0,0,16,2,0,0,0,0,0,3,202610030840,44.19030204088012,142.392098,,,,,,,,,,,,
81,09,1310270,1,20261003,840,4,1,0,0,0,0,0,0,0,0,0,0,0,0,3,202610030840,44.89849804093394,141.930734,,,,,,,,,,,,
81,10,1310280,1,20261003,840,2,2,0,0,0,0,0,2,0,0,0,0,0,0,3,202610030840,45.0919210409354,141.772244,,,,,,,,,,,,
81,10,1310290,1,20261003,840,,,,0,0,0,1,,,,0,0,0,1,3,202610030840,45.3643680409278,141.728937,,,,,,,,,,,,
81,06,1310300,1,20261003,840,26,3,0,0,0,0,0,0,0,24,0,0,1,0,3,202610030840,43.059450410636984,144.8007274,,,,,,,,,,,,
81,06,1310310,1,20261003,840,2,2,0,0,1,0,0,1,0,0,0,0,0,0,3,202610030840,43.27550252069827,145.50157790000003,,,,,,,,,,,,
81,02,1310320,1,20261003,840,23,5,0,0,0,0,0,13,3,0,0,0,0,0,3,202610030840,41.8940000401868,140.139639,,,,,,,,,,,,
81,02,1310330,1,20261003,840,31,0,0,0,0,0,0,15,5,0,0,0,0,0,3,202610030840,41.68472204008489,140.444,,,,,,,,,,,,
81,03,1310340,1,20261003,840,7,2,0,0,0,0,0,0,0,0,0,0,1,0,3,202610030840,43.26192904069464,140.646731,,,,,,,,,,,,
81,03,1310350,1,20261003,840,8,3,0,0,0,0,0,6,4,0,0,0,0,0,3,202610030840,43.041313040631515,140.5119,,,,,,,,,,,,
81,02,1310360,1,20261003,840,1,0,0,0,0,0,0,6,0,0,0,0,0,0,3,202610030840,42.129260570293795,139.981876,,,,,,,,,,,,
81,01,1310370,1,20261003,840,102,7,0,0,0,0,0,86,7,0,0,0,0,0,3,202610030840,43.007483420621185,141.3442719,,,,,,,,,,,,
81,03,1310380,1,20261003,840,34,0,0,0,0,0,0,24,1,0,0,0,0,0,3,202610030840,42.797316040553234,140.953155,,,,,,,,,,,,
81,03,1310390,1,20261003,840,13,3,0,0,0,0,0,29,3,0,0,0,0,0,3,202610030840,42.75911004054018,140.927534,,,,,,,,,,,,
81,09,1310420,1,20261003,840,8,1,0,0,0,0,0,18,1,0,0,0,0,0,3,202610030840,44.315812040895196,141.663389,,,,,,,,,,,,
81,05,1310430,1,20261003,840,11,6,0,0,0,0,0,24,25,0,0,0,0,0,3,202610030840,42.68397268051387,141.6803745,,,,,,,,,,,,
81,05,1310440,1,20261003,840,3,0,0,0,0,0,0,7,3,0,0,0,0,0,3,202610030840,42.455508520428715,142.1783574,,,,,,,,,,,,
81,07,1310450,1,20261003,840,19,3,0,0,0,0,0,17,2,0,0,0,0,0,3,202610030840,42.850468990571045,143.1845784,,,,,,,,,,,,
81,04,1310460,1,20261003,840,,,,0,0,0,1,,,,0,0,0,1,3,202610030840,43.3597710407203,142.387706,,,,,,,,,,,,
81,05,1310470,1,20261003,840,1,1,0,0,0,0,0,5,3,0,0,0,0,0,3,202610030840,42.87689451057974,142.4313468,,,,,,,,,,,,
81,08,1310490,1,20261003,840,19,2,0,0,1,0,0,10,0,1,0,0,0,0,3,202610030840,44.469400040910415,143.131573,,,,,,,,,,,,
81,10,1310500,1,20261003,840,,,,0,0,0,1,,,,0,0,0,1,3,202610030840,44.9513530409349,142.577793,,,,,,,,,,,,
81,06,1310520,1,20261003,840,3,2,0,0,0,0,0,4,0,0,0,0,0,0,3,202610030840,43.474956340748676,144.4077086,,,,,,,,,,,,
81,07,1310530,1,20261003,840,1,0,0,0,0,0,0,3,1,0,0,0,0,0,3,202610030840,43.351455040718186,143.778977,,,,,,,,,,,,
81,08,1310540,1,20261003,840,3,0,0,0,1,0,0,4,1,0,0,1,0,0,3,202610030840,43.71241358080086,144.1898958,,,,,,,,,,,,
81,06,1310550,1,20261003,840,7,2,0,0,0,0,0,6,1,0,0,0,0,0,3,202610030840,43.23651165068774,145.2499867,,,,,,,,,,,,
81,06,1310560,1,20261003,840,7,2,0,0,0,0,0,7,0,0,0,0,0,0,3,202610030840,43.68069492079438,145.1213962,,,,,,,,,,,,
81,06,1310570,1,20261003,840,20,2,0,0,0,0,0,4,1,0,0,0,0,0,3,202610030840,43.3613193507207,144.8334503,,,,,,,,,,,,
81,04,1310580,1,20261003,840,0,1,0,0,0,0,0,3,0,0,0,0,0,0,3,202610030840,43.85535404082818,142.818956,,,,,,,,,,,,
81,01,1310590,1,20261003,840,100,10,0,0,0,0,0,142,25,0,0,0,0,0,3,202610030840,43.101919030649576,141.3492984,,,,,,,,,,,,
81,01,1310600,1,20261003,840,30,6,0,0,0,1,0,40,3,0,0,0,1,0,3,202610030840,43.018587890624595,141.4801633,,,,,,,,,,,,
81,07,1310610,1,20261003,840,0,0,0,0,0,0,0,0,0,0,0,0,0,0,3,202610030840,43.124397040656135,143.671096,,,,,,,,,,,,
81,01,1310620,1,20261003,840,38,7,0,0,0,0,0,44,3,0,0,0,0,0,3,202610030840,43.080001040643104,141.40691,,,,,,,,,,,,
81,01,1310630,1,20261003,840,0,0,0,0,0,1,0,0,0,0,0,0,1,0,3,202610030840,43.224602350684464,141.5421492,,,,,,,,,,,,
81,05,1310650,1,20261003,840,0,0,39,0,0,1,0,21,1,0,0,0,0,0,3,202610030840,42.664068480506764,141.5956308,,,,,,,,,,,,
81,08,1310660,1,20261003,840,11,0,0,0,0,0,0,11,2,0,0,0,0,0,3,202610030840,43.98436947085019,143.5657163,,,,,,,,,,,,
81,08,1310670,1,20261003,840,9,1,0,0,1,0,0,2,1,0,0,1,0,0,3,202610030840,43.93417044084193,144.7997993,,,,,,,,,,,,
81,01,1310680,1,20261003,840,30,1,0,0,0,0,0,16,3,0,0,0,0,0,3,202610030840,42.84334231056867,141.6642755,,,,,,,,,,,,
81,06,1310690,1,20261003,840,24,2,0,0,0,0,0,17,4,0,0,0,0,0,3,202610030840,43.048098520633566,144.4594431,,,,,,,,,,,,
81,01,1310700,1,20261003,840,51,2,0,0,0,0,0,36,8,0,0,0,0,0,3,202610030840,43.001297040619285,141.34856,,,,,,,,,,,,
82,,2110010,1,20261003,840,25,5,0,0,0,0,0,22,6,0,0,0,0,0,3,202610030840,37.110573456365614,140.1455465,,,,,,,,,,,,
82,,2110017,1,20261003,840,116,9,0,0,0,0,0,111,10,0,0,0,0,0,3,202610030840,37.37338104665072,140.3483355,,,,,,,,,,,,
82,,2110019,1,20261003,840,87,7,0,0,0,0,0,94,11,0,0,0,0,0,3,202610030840,37.46431627674753,140.3769493,,,,,,,,,,,,
82,,2110021,1,20261003,840,80,6,0,0,0,0,0,56,11,0,0,1,0,0,3,202610030840,37.606841446897334,140.4677635,,,,,,,,,,,,
82,,2110030,1,20261003,840,105,12,0,0,0,0,0,130,6,0,0,0,0,0,3,202610030840,37.73677529703182,140.4665726,,,,,,,,,,,,
82,,2110040,1,20261003,840,64,1,0,0,0,0,0,67,5,0,0,0,0,0,3,202610030840,37.807813217104496,140.4958221,,,,,,,,,,,,
82,,2110050,1,20261003,840,18,3,0,0,0,0,0,30,5,0,0,0,0,0,3,202610030840,37.90701278720498,140.5808128,,,,,,,,,,,,
82,,2110055,1,20261003,840,66,5,0,0,0,0,0,72,14,0,0,0,0,0,3,202610030840,38.041138927338956,140.6498056,,,,,,,,,,,,
82,,2110060,1,20261003,840,82,9,0,0,0,0,0,126,13,0,0,0,0,0,3,202610030840,38.085083367382396,140.8283056,,,,,,,,,,,,
82,,2110062,1,20261003,840,31,3,1,0,0,0,0,30,1,0,0,0,0,0,3,202610030840,39.659168038777906,141.92916800000003,,,,,,,,,,,,
82,,2110063,1,20261003,840,11,2,0,0,0,0,0,19,3,0,0,0,0,0,3,202610030840,39.73009903883322,141.960134,,,,,,,,,,,,
82,,2110065,1,20261003,840,108,8,0,0,0,0,0,108,11,0,0,0,0,0,3,202610030840,38.15208336744814,140.8853611,,,,,,,,,,,,
82,,2110070,1,20261003,840,150,17,0,0,0,0,0,152,12,0,0,0,0,0,3,202610030840,38.21891670751319,140.895,,,,,,,,,,,,
82,,2110081,1,20261003,840,48,3,0,0,0,0,0,0,0,0,0,0,0,0,3,202610030840,38.340207037629824,140.883811,,,,,,,,,,,,
82,,2110090,1,20261003,840,45,3,0,0,0,0,0,31,4,0,0,0,0,0,3,202610030840,38.61000803788275,140.98291900000004,,,,,,,,,,,,
82,,2110091,1,20261003,840,33,2,0,0,0,0,0,24,3,0,0,0,0,0,3,202610030840,38.834610038086325,141.085674,,,,,,,,,,,,
82,,2110092,1,20261003,840,29,3,0,0,0,0,0,46,9,0,0,0,0,0,3,202610030840,38.930416038171224,141.117432,,,,,,,,,,,,
82,,2110093,1,20261003,840,42,3,1,0,0,0,0,30,2,0,0,0,0,0,3,202610030840,39.003777838235415,141.1133766,,,,,,,,,,,,
82,,2110095,1,20261003,840,48,3,0,0,0,0,0,32,1,0,0,0,0,0,3,202610030840,39.166645038375485,141.142913,,,,,,,,,,,,
82,,2110103,1,20261003,840,93,9,0,0,0,0,0,113,8,0,0,0,0,0,3,202610030840,39.668019038784855,141.15759,,,,,,,,,,,,
82,,2110106,1,20261003,840,114,4,0,0,0,0,0,107,5,0,0,0,0,0,3,202610030840,39.70774803881587,141.165401,,,,,,,,,,,,
82,,2110110,1,20261003,840,78,9,0,0,0,0,0,51,1,0,0,0,0,0,3,202610030840,39.7581439588549,141.134491,,,,,,,,,,,,
82,,2110120,1,20261003,840,37,7,0,0,0,0,0,35,4,0,0,0,0,0,3,202610030840,40.24861199921695,141.2695885,,,,,,,,,,,,
82,,2110121,1,20261003,840,13,1,0,0,0,0,0,16,6,0,0,0,0,0,3,202610030840,40.33516094927743,141.2985134,,,,,,,,,,,,
82,,2110129,1,20261003,840,30,4,0,0,0,0,0,18,9,0,0,0,0,0,3,202610030840,40.60805264946136,141.26026802,,,,,,,,,,,,
82,,2110130,1,20261003,840,0,0,51,0,0,1,0,0,0,31,0,0,1,0,3,202610030840,40.65608164949267,141.19309457,,,,,,,,,,,,
82,,2110132,1,20261003,840,4,0,2,0,0,0,0,26,2,3,0,0,0,0,3,202610030840,40.683721049510524,141.17042319,,,,,,,,,,,,
82,,2110140,1,20261003,840,36,7,0,0,0,0,0,57,3,0,0,0,0,0,3,202610030840,40.89753341964514,140.86029133,,,,,,,,,,,,
82,,2110143,1,20261003,840,43,5,0,0,0,0,0,42,6,0,0,0,0,0,3,202610030840,39.946858248998055,141.2168884,,,,,,,,,,,,
82,,2110144,1,20261003,840,46,16,0,0,1,0,0,33,5,0,0,1,0,0,3,202610030840,40.83532684960663,141.12935762,,,,,,,,,,,,
82,,2110150,1,20261003,840,23,3,0,0,0,0,0,55,5,0,0,0,0,0,3,202610030840,36.857960956084185,140.7891727,,,,,,,,,,,,
82,,2110160,1,20261003,840,101,21,0,0,0,0,0,62,21,0,0,0,0,0,3,202610030840,36.92281008615712,140.8423448,,,,,,,,,,,,
82,,2110161,1,20261003,840,88,8,0,0,0,0,0,41,5,0,0,0,0,0,3,202610030840,37.03306503628002,140.911907,,,,,,,,,,,,
82,,2110162,1,20261003,840,23,1,0,0,0,0,0,31,3,0,0,0,0,0,3,202610030840,37.11549536637102,140.9974993,,,,,,,,,,,,
82,,2110163,1,20261003,840,13,3,0,0,0,0,0,18,4,0,0,0,0,0,3,202610030840,37.38527750666344,141.0086632,,,,,,,,,,,,
82,,2110165,1,20261003,840,28,4,0,0,0,0,0,33,7,1,0,0,0,0,3,202610030840,37.63270112692426,140.9856901,,,,,,,,,,,,
82,,2110168,1,20261003,840,33,1,0,0,0,0,0,27,5,0,0,0,0,0,3,202610030840,37.81498403711179,140.943249,,,,,,,,,,,,
82,,2110170,1,20261003,840,23,2,0,0,0,0,0,22,3,0,0,0,0,0,3,202610030840,37.89520971719308,140.9035528,,,,,,,,,,,,
82,,2110173,1,20261003,840,79,7,0,0,0,0,0,69,2,0,0,0,0,0,3,202610030840,37.094818366348264,140.9771016,,,,,,,,,,,,
82,,2110180,1,20261003,840,34,2,0,0,0,0,0,46,2,0,0,0,0,0,3,202610030840,38.064732037362305,140.859399,,,,,,,,,,,,
82,,2110190,1,20261003,840,18,2,0,0,0,0,0,23,5,0,0,0,0,0,1,202610030840,38.69140541795727,139.678824,,,,,,,,,,,,
82,,2110191,1,20261003,840,22,1,0,0,0,0,0,19,1,0,0,0,0,0,3,202610030840,38.96127130819829,139.8400569,,,,,,,,,,,,
82,,2110192,1,20261003,840,33,2,0,0,0,0,0,36,1,0,0,0,0,0,3,202610030840,38.794079918050066,139.83442430000002,,,,,,,,,,,,
82,,2110193,1,20261003,840,29,3,0,0,0,0,0,30,2,0,0,0,0,0,3,202610030840,38.787431758044086,139.8346764,,,,,,,,,,,,
82,,2110194,1,20261003,840,8,1,0,0,0,0,0,19,1,0,0,0,0,0,3,202610030840,38.69287924795862,139.6478605,,,,,,,,,,,,
82,,2110195,1,20261003,840,7,0,0,0,0,0,0,12,4,0,0,0,0,0,3,202610030840,38.61589808788817,139.5797968,,,,,,,,,,,,
82,,2110196,1,20261003,840,47,3,0,0,0,0,0,39,3,0,0,0,0,0,3,202610030840,38.83854814808984,139.8486963,,,,,,,,,,,,
82,,2110197,1,20261003,840,7,3,0,0,0,0,0,32,2,0,0,0,0,0,3,202610030840,38.71753625798101,139.7594082,,,,,,,,,,,,
82,,2110198,1,20261003,840,21,7,0,0,0,0,0,48,5,0,0,0,0,0,3,202610030840,38.71622198797982,139.7565651,,,,,,,,,,,,
82,,2110199,1,20261003,840,21,3,0,0,0,0,0,16,2,0,0,0,0,0,1,202610030840,38.60695292787995,139.5878005,,,,,,,,,,,,
82,,2110201,1,20261003,840,16,2,0,0,0,0,0,22,5,0,0,0,0,0,1,202610030840,38.666421037934484,139.623761,,,,,,,,,,,,
82,,2110202,1,20261003,840,35,4,0,0,0,0,0,51,4,0,0,0,0,0,3,202610030840,39.62387474875015,140.0681964,,,,,,,,,,,,
82,,2110203,1,20261003,840,12,1,0,0,0,0,0,9,2,0,0,0,0,0,3,202610030840,39.240899018438185,139.9362623,,,,,,,,,,,,
82,,2110204,1,20261003,840,15,5,0,0,0,0,0,25,3,0,0,0,0,0,3,202610030840,39.290490888479674,139.9747431,,,,,,,,,,,,
82,,2110205,1,20261003,840,17,6,0,0,0,0,0,14,3,0,0,0,0,0,3,202610030840,39.11912903833497,139.876447,,,,,,,,,,,,
82,,2110208,1,20261003,840,46,5,0,0,0,0,0,49,2,0,0,0,0,0,3,202610030840,39.38953603856155,140.030682,,,,,,,,,,,,
82,,2110210,1,20261003,840,61,2,0,0,0,0,0,61,6,0,0,0,0,0,3,202610030840,39.79539903888355,140.0622,,,,,,,,,,,,
82,,2110212,1,20261003,840,39,2,0,0,0,0,0,52,6,0,0,0,0,0,3,202610030840,39.718472038824196,140.083211,,,,,,,,,,,,
82,,2110213,1,20261003,840,22,1,0,0,0,0,0,33,1,0,0,0,0,0,3,202610030840,39.52539935867177,140.0518185,,,,,,,,,,,,
82,,2110214,1,20261003,840,22,5,0,0,0,0,0,26,0,0,0,0,0,0,3,202610030840,39.90494615896667,140.076382,,,,,,,,,,,,
82,,2110215,1,20261003,840,23,0,0,0,0,0,0,21,2,0,0,0,0,0,3,202610030840,40.067095039086766,140.067721,,,,,,,,,,,,
82,,2110216,1,20261003,840,22,4,1,0,0,0,0,0,0,0,0,0,0,0,3,202610030840,40.268120039230666,140.52780600000003,,,,,,,,,,,,
82,,2110217,1,20261003,840,17,5,1,0,0,0,0,18,5,1,0,0,0,0,3,202610030840,40.27305803923414,140.532178,,,,,,,,,,,,
82,,2110218,1,20261003,840,38,1,0,0,0,0,0,30,4,0,0,0,0,0,3,202610030840,40.190834039176,140.036139,,,,,,,,,,,,
82,,2110219,1,20261003,840,6,0,0,0,0,0,0,5,0,0,0,0,0,0,3,202610030840,40.21531803919339,140.280482,,,,,,,,,,,,
82,,2110220,1,20261003,840,13,2,0,0,0,0,0,15,1,0,0,0,0,0,3,202610030840,40.16185503915528,140.039381,,,,,,,,,,,,
82,,2110221,1,20261003,840,42,5,2,0,0,0,0,27,4,0,0,0,0,0,3,202610030840,40.20192503918389,140.151831,,,,,,,,,,,,
82,,2110222,1,20261003,840,5,1,0,0,0,0,0,8,1,0,0,0,0,0,3,202610030840,40.30719003925799,140.572683,,,,,,,,,,,,
82,,2110229,1,20261003,840,34,7,0,0,0,0,0,25,4,1,0,0,0,0,3,202610030840,40.230677039204274,140.489525,,,,,,,,,,,,
82,,2110230,1,20261003,840,9,3,0,0,0,0,0,33,2,0,0,0,0,0,3,202610030840,40.3821040393098,140.603544,,,,,,,,,,,,
82,,2110231,1,20261003,840,26,2,0,0,0,0,0,27,2,0,0,0,0,0,3,202610030840,40.461176699363655,140.6358415,,,,,,,,,,,,
82,,2110232,1,20261003,840,36,5,0,0,0,0,0,21,3,1,0,0,0,0,3,202610030840,40.199024039181815,140.383267,,,,,,,,,,,,
82,,2110233,1,20261003,840,14,0,0,0,0,0,0,7,1,0,0,0,0,0,1,202610030840,38.96155603819856,139.859806,,,,,,,,,,,,
82,,2110234,1,20261003,840,33,4,2,0,0,0,0,50,11,4,0,0,0,0,3,202610030840,40.57123242943714,140.52428552,,,,,,,,,,,,
82,,2110235,1,20261003,840,52,5,0,0,0,0,0,0,0,77,0,0,1,0,3,202610030840,40.60269692945784,140.49957539,,,,,,,,,,,,
82,,2110236,1,20261003,840,15,4,0,0,0,0,0,19,1,0,0,0,0,0,1,202610030840,39.00850003823954,139.856924,,,,,,,,,,,,
82,,2110237,1,20261003,840,5,0,0,0,0,0,0,3,0,0,0,0,0,0,1,202610030840,39.05087603827627,139.890254,,,,,,,,,,,,
82,,2110240,1,20261003,840,64,9,1,0,0,0,0,22,1,45,0,0,1,0,3,202610030840,40.65753935949361,140.50836074,,,,,,,,,,,,
82,,2110249,1,20261003,840,37,6,2,0,0,0,0,21,3,0,0,1,1,0,3,202610030840,40.831625089604316,140.66283564,,,,,,,,,,,,
82,,2110250,1,20261003,840,62,6,0,0,0,0,0,47,8,0,0,0,0,0,3,202610030840,40.767838829564255,140.59194915,,,,,,,,,,,,
82,,2110251,1,20261003,840,76,7,0,0,0,1,0,138,26,0,0,0,0,0,3,202610030840,40.824380649599796,140.7354641,,,,,,,,,,,,
82,,2110252,1,20261003,840,69,14,0,0,0,0,0,0,0,57,0,0,1,0,3,202610030840,40.80222556958593,140.69781704,,,,,,,,,,,,
82,,2110253,1,20261003,840,13,2,0,0,0,0,0,33,3,0,0,0,0,0,3,202610030840,40.82364700959935,140.81040657,,,,,,,,,,,,
82,,2110255,1,20261003,840,0,0,0,0,0,0,0,0,0,0,0,0,0,0,3,202610030840,40.797368279582884,140.73499562,,,,,,,,,,,,
82,,2110256,1,20261003,840,56,5,0,0,0,0,0,0,0,0,0,0,0,0,3,202610030840,40.79545531958167,140.74908182,,,,,,,,,,,,
82,,2110258,1,20261003,840,27,2,0,0,0,0,0,25,2,0,0,0,0,0,3,202610030840,40.26361114922749,140.42944444,,,,,,,,,,,,
82,,2110260,1,20261003,840,74,4,0,0,0,0,0,50,3,0,0,0,0,0,3,202610030840,37.766077747061864,140.4643813,,,,,,,,,,,,
82,,2110270,1,20261003,840,22,0,2,0,0,0,0,0,0,0,0,0,1,0,3,202610030840,37.82286602711981,140.2786356,,,,,,,,,,,,
82,,2110271,1,20261003,840,22,3,0,0,0,0,0,31,2,0,0,0,0,0,3,202610030840,37.89655074719443,140.1500818,,,,,,,,,,,,
82,,2110272,1,20261003,840,25,4,0,0,0,0,0,23,2,0,0,0,0,0,3,202610030840,37.92749748722557,140.13487,,,,,,,,,,,,
82,,2110280,1,20261003,840,46,2,0,0,0,0,0,43,5,0,0,0,0,0,3,202610030840,37.99971367729781,140.14494900000003,,,,,,,,,,,,
82,,2110290,1,20261003,840,52,7,0,0,0,0,0,71,7,0,0,0,0,0,3,202610030840,38.13022203742675,140.241028,,,,,,,,,,,,
82,,2110291,1,20261003,840,56,11,0,0,0,0,0,81,11,0,0,0,0,0,3,202610030840,38.159814097455694,140.3001308,,,,,,,,,,,,
82,,2110292,1,20261003,840,43,4,0,0,0,0,0,50,4,0,0,0,0,0,3,202610030840,38.10297203739999,140.207083,,,,,,,,,,,,
82,,2110294,1,20261003,840,26,1,0,0,0,0,0,11,2,0,0,0,0,0,3,202610030840,37.767613677063444,140.8648291,,,,,,,,,,,,
82,,2110295,1,20261003,840,23,1,0,0,0,0,0,21,0,0,0,0,0,0,3,202610030840,37.75423885704973,140.7090153,,,,,,,,,,,,
82,,2110296,1,20261003,840,30,4,0,0,0,0,0,27,1,0,0,0,0,0,3,202610030840,37.75978319705542,140.5958156,,,,,,,,,,,,
82,,2110297,1,20261003,840,23,1,0,0,0,0,0,22,3,0,0,0,0,0,3,202610030840,37.78113503707728,140.573819,,,,,,,,,,,,
82,,2110298,1,20261003,840,29,4,0,0,0,0,0,18,3,0,0,0,0,0,3,202610030840,37.81669203711354,140.530266,,,,,,,,,,,,
82,,2110299,1,20261003,840,26,4,0,0,0,0,0,13,2,0,0,0,0,0,3,202610030840,37.83294203713006,140.49615,,,,,,,,,,,,
82,,2110300,1,20261003,840,23,2,0,0,0,0,0,34,4,0,0,0,0,0,1,202610030840,37.79582169709228,140.4130094,,,,,,,,,,,,
82,,2110301,1,20261003,840,28,4,0,0,0,0,0,21,4,0,0,0,0,0,3,202610030840,37.8687824871664,140.2279023,,,,,,,,,,,,
82,,2110305,1,20261003,840,94,6,0,0,0,0,0,93,20,0,0,0,0,0,3,202610030840,38.32857829761873,140.3671432,,,,,,,,,,,,
82,,2110307,1,20261003,840,62,4,0,0,0,0,0,40,2,0,0,0,0,0,3,202610030840,38.48098003776293,140.382831,,,,,,,,,,,,
82,,2110308,1,20261003,840,52,2,0,0,0,0,0,41,6,0,0,0,0,0,1,202610030840,38.56969403784554,140.401333,,,,,,,,,,,,
82,,2110309,1,20261003,840,46,7,0,0,0,0,0,43,7,0,0,0,0,0,1,202610030840,38.42500003771029,140.352222,,,,,,,,,,,,
82,,2110310,1,20261003,840,31,1,0,0,0,0,0,27,3,0,0,0,0,0,3,202610030840,38.57581640785121,140.403707,,,,,,,,,,,,
82,,2110311,1,20261003,840,60,1,0,0,0,0,0,65,7,0,0,0,0,0,1,202610030840,38.5505555978278,140.3888889,,,,,,,,,,,,
82,,2110312,1,20261003,840,57,8,0,0,0,0,0,31,2,0,0,0,0,0,3,202610030840,38.618265997890354,140.3838155,,,,,,,,,,,,
82,,2110313,1,20261003,840,80,7,0,0,0,0,0,71,7,0,0,0,0,0,3,202610030840,38.676631947943804,140.3212881,,,,,,,,,,,,
82,,2110314,1,20261003,840,72,9,0,0,0,0,0,53,9,0,0,0,0,0,3,202610030840,38.71993903798319,140.308757,,,,,,,,,,,,
82,,2110315,1,20261003,840,31,2,0,0,0,0,0,17,1,0,0,0,0,0,3,202610030840,38.8033716780584,140.3206605,,,,,,,,,,,,
82,,2110316,1,20261003,840,26,3,0,0,0,0,0,12,3,0,0,0,0,0,3,202610030840,38.74947203800992,140.290833,,,,,,,,,,,,
82,,2110317,1,20261003,840,10,1,0,0,0,0,0,10,3,0,0,0,0,0,3,202610030840,38.923639038165255,140.334806,,,,,,,,,,,,
82,,2110318,1,20261003,840,23,1,0,0,0,0,0,10,3,0,0,0,0,0,3,202610030840,38.94673520818555,140.3547943,,,,,,,,,,,,
82,,2110319,1,20261003,840,24,2,1,0,0,0,0,11,2,0,0,0,0,0,3,202610030840,39.072178338294655,140.4714918,,,,,,,,,,,,
82,,2110320,1,20261003,840,28,4,0,0,0,0,0,32,2,1,0,0,0,0,3,202610030840,39.11258080832936,140.486598,,,,,,,,,,,,
82,,2110321,1,20261003,840,34,2,0,0,0,0,0,37,2,0,0,0,0,0,3,202610030840,39.181412318388,140.4959965,,,,,,,,,,,,
82,,2110322,1,20261003,840,7,0,0,0,0,0,0,19,0,2,0,0,0,0,3,202610030840,39.1455093483575,140.4912436,,,,,,,,,,,,
82,,2110324,1,20261003,840,6,0,0,0,0,0,0,0,1,0,0,0,0,0,3,202610030840,39.046668898272635,140.4131154,,,,,,,,,,,,
82,,2110325,1,20261003,840,34,2,0,0,0,0,0,60,2,0,0,0,0,0,1,202610030840,38.463333037746374,140.3575,,,,,,,,,,,,
82,,2110326,1,20261003,840,46,1,0,0,0,0,0,35,2,0,0,0,0,0,1,202610030840,38.49944403778021,140.370833,,,,,,,,,,,,
82,,2110327,1,20261003,840,35,4,0,0,0,0,0,59,6,0,0,0,0,0,3,202610030840,39.249316578445246,140.5351192,,,,,,,,,,,,
82,,2110328,1,20261003,840,23,3,0,0,0,0,0,23,1,0,0,0,0,0,3,202610030840,38.78089403803823,140.293372,,,,,,,,,,,,
82,,2110335,1,20261003,840,17,4,41,0,0,1,0,54,2,0,0,0,0,0,3,202610030840,39.45464609861468,140.4982871,,,,,,,,,,,,
82,,2110337,1,20261003,840,40,0,0,0,0,0,0,28,4,0,0,0,0,0,3,202610030840,39.56556981870389,140.3349352,,,,,,,,,,,,
82,,2110340,1,20261003,840,93,10,0,0,0,0,0,49,6,0,0,0,0,0,3,202610030840,39.66778703878465,140.165768,,,,,,,,,,,,
82,,2110350,1,20261003,840,113,11,0,0,0,0,0,85,9,0,0,0,0,0,3,202610030840,38.27013892756266,140.95175,,,,,,,,,,,,
82,,2110352,1,20261003,840,95,14,0,0,0,0,0,138,11,0,0,0,0,0,3,202610030840,38.425472257710744,141.1867778,,,,,,,,,,,,
82,,2110353,1,20261003,840,103,8,0,0,0,0,0,105,13,3,0,0,0,0,3,202610030840,38.43294447771779,141.2090556,,,,,,,,,,,,
82,,2110354,1,20261003,840,98,11,2,0,0,0,0,105,6,3,0,0,0,0,3,202610030840,38.442000037726324,141.2525833,,,,,,,,,,,,
82,,2110355,1,20261003,840,81,6,3,0,0,0,0,81,12,0,0,0,0,0,3,202610030840,38.48202781776391,141.2923889,,,,,,,,,,,,
82,,2110357,1,20261003,840,70,5,0,0,0,0,0,68,11,2,0,0,0,0,3,202610030840,38.50430559778474,141.2861944,,,,,,,,,,,,
82,,2110358,1,20261003,840,56,5,1,0,0,0,0,40,10,0,0,0,0,0,3,202610030840,38.590638927864894,141.27905560000002,,,,,,,,,,,,
82,,2110359,1,20261003,840,68,3,1,0,0,0,0,39,8,0,0,0,0,0,3,202610030840,38.61066670788337,141.2839722,,,,,,,,,,,,
82,,2110360,1,20261003,840,24,2,0,0,0,0,0,28,0,0,0,0,0,0,3,202610030840,38.429333367714385,141.2390278,,,,,,,,,,,,
82,,2110361,1,20261003,840,46,1,0,0,0,0,0,27,1,0,0,0,0,0,3,202610030840,38.891555598136925,141.55625,,,,,,,,,,,,
82,,2110362,1,20261003,840,38,1,0,0,0,0,0,32,1,0,0,0,0,0,3,202610030840,38.696083367961535,141.2831389,,,,,,,,,,,,
82,,2110363,1,20261003,840,90,11,1,0,0,0,0,84,4,0,0,0,0,0,3,202610030840,38.456555597740014,141.2745,,,,,,,,,,,,
82,,2110364,1,20261003,840,28,1,0,0,0,0,0,15,0,0,0,0,0,0,3,202610030840,38.95011114818852,141.6280556,,,,,,,,,,,,
82,,2110365,1,20261003,840,24,1,0,0,0,0,0,13,1,0,0,0,0,0,3,202610030840,38.91955303816165,141.571364,,,,,,,,,,,,
82,,2110366,1,20261003,840,46,3,0,0,0,0,0,23,5,0,0,0,0,0,3,202610030840,38.71113892797521,141.3101667,,,,,,,,,,,,
82,,2110367,1,20261003,840,21,1,0,0,0,0,0,27,0,0,0,0,0,0,3,202610030840,39.02656869825523,141.6974974,,,,,,,,,,,,
82,,2110368,1,20261003,840,39,3,0,0,0,0,0,33,8,0,0,0,0,0,3,202610030840,38.70219447796709,141.3930833,,,,,,,,,,,,
82,,2110370,1,20261003,840,20,2,0,0,0,0,0,41,5,0,0,0,0,0,3,202610030840,39.059216658283475,141.7193842,,,,,,,,,,,,
82,,2110371,1,20261003,840,21,2,0,0,0,0,0,26,2,0,0,0,0,0,3,202610030840,39.074077398296275,141.7034197,,,,,,,,,,,,
82,,2110372,1,20261003,840,17,3,0,0,0,0,0,19,2,0,0,0,0,0,3,202610030840,39.125195598340156,141.7347157,,,,,,,,,,,,
82,,2110373,1,20261003,840,29,5,0,0,0,0,0,23,5,0,0,0,0,0,3,202610030840,39.12205355833746,141.7899934,,,,,,,,,,,,
82,,2110374,1,20261003,840,15,4,0,0,0,0,0,16,5,0,0,0,0,0,3,202610030840,39.03121932825926,141.6337144,,,,,,,,,,,,
82,,2110379,1,20261003,840,21,5,1,0,0,0,0,8,2,1,0,0,0,0,3,202610030840,39.14893559836042,141.8295097,,,,,,,,,,,,
82,,2110380,1,20261003,840,20,2,0,0,0,0,0,15,4,0,0,0,0,0,3,202610030840,39.29661287848477,141.8836641,,,,,,,,,,,,
82,,2110381,1,20261003,840,37,1,1,0,0,0,0,35,7,0,0,0,0,0,3,202610030840,38.69052781795646,141.4270556,,,,,,,,,,,,
82,,2110382,1,20261003,840,47,4,1,0,0,0,0,15,1,0,0,0,0,0,3,202610030840,38.70547225797006,141.4960833,,,,,,,,,,,,
82,,2110383,1,20261003,840,47,6,0,0,0,0,0,47,6,0,0,0,0,0,3,202610030840,39.32251283850628,141.8802524,,,,,,,,,,,,
82,,2110384,1,20261003,840,38,3,2,0,0,0,0,39,3,1,0,0,0,0,3,202610030840,38.81825003807172,141.5580556,,,,,,,,,,,,
82,,2110387,1,20261003,840,20,5,1,0,0,0,0,20,2,0,0,0,0,0,3,202610030840,39.59193303872486,141.940478,,,,,,,,,,,,
82,,2110389,1,20261003,840,13,0,0,0,0,0,0,13,2,0,0,0,0,0,3,202610030840,39.8199300389023,141.96138,,,,,,,,,,,,
82,,2110392,1,20261003,840,12,0,0,0,0,0,0,18,2,0,0,0,0,0,3,202610030840,39.836270038914755,141.96038,,,,,,,,,,,,
82,,2110393,1,20261003,840,11,2,0,0,0,0,0,5,5,0,0,0,0,0,3,202610030840,39.87071503894088,141.94008,,,,,,,,,,,,
82,,2110394,1,20261003,840,38,3,2,0,0,0,0,46,4,4,0,0,0,0,3,202610030840,38.86638892811462,141.5685833,,,,,,,,,,,,
82,,2110396,1,20261003,840,0,0,0,0,0,1,0,0,0,0,0,0,1,0,3,202610030840,39.93351162898809,141.8457699,,,,,,,,,,,,
82,,2110397,1,20261003,840,7,2,0,0,0,0,0,6,0,0,0,0,0,0,3,202610030840,39.9934900390327,141.881411,,,,,,,,,,,,
82,,2110401,1,20261003,840,17,2,1,0,0,0,0,15,10,0,0,0,0,0,3,202610030840,39.029891708258106,141.6224,,,,,,,,,,,,
82,,2110402,1,20261003,840,8,2,0,0,0,0,0,9,1,0,0,0,0,0,3,202610030840,40.414361969331864,141.7051792,,,,,,,,,,,,
82,,2110403,1,20261003,840,26,3,0,0,0,0,0,10,1,1,0,0,0,0,3,202610030840,39.15806392836817,141.8413306,,,,,,,,,,,,
82,,2110404,1,20261003,840,69,3,0,0,0,0,0,70,3,0,0,0,0,0,3,202610030840,40.50576550939362,141.53235261,,,,,,,,,,,,
82,,2110405,1,20261003,840,83,11,0,0,0,0,0,69,12,0,0,0,0,0,3,202610030840,40.528900439409064,141.46412799,,,,,,,,,,,,
82,,2110407,1,20261003,840,30,2,0,0,0,0,0,29,0,2,0,0,0,0,3,202610030840,40.481786839377534,141.5376989,,,,,,,,,,,,
82,,2110408,1,20261003,840,70,7,0,0,0,0,0,44,8,0,0,0,0,0,3,202610030840,40.5637364594322,141.43539327,,,,,,,,,,,,
82,,2110409,1,20261003,840,16,1,0,0,0,0,0,26,1,0,0,0,0,0,3,202610030840,39.24333336844022,141.8452778,,,,,,,,,,,,
82,,2110410,1,20261003,840,17,3,0,0,0,0,0,50,1,0,0,0,0,0,3,202610030840,40.47949102937599,141.58069836,,,,,,,,,,,,
82,,2110412,1,20261003,840,24,7,0,0,0,0,0,30,8,0,0,0,0,0,3,202610030840,40.66162803949626,141.324363,,,,,,,,,,,,
82,,2110413,1,20261003,840,2,1,1,0,0,0,0,29,4,1,0,0,0,0,3,202610030840,40.675139039505,141.304575,,,,,,,,,,,,
82,,2110414,1,20261003,840,63,7,0,0,0,0,0,57,10,0,0,0,0,0,3,202610030840,39.699724768809624,141.0544968,,,,,,,,,,,,
82,,2110415,1,20261003,840,41,0,0,0,0,0,0,33,3,0,0,0,0,0,3,202610030840,39.69160156880328,141.008749,,,,,,,,,,,,
82,,2110416,1,20261003,840,14,1,0,0,0,0,0,27,3,0,0,0,0,0,3,202610030840,39.70020353880998,140.8836508,,,,,,,,,,,,
82,,2110417,1,20261003,840,16,2,0,0,0,0,0,2,0,0,0,0,0,0,3,202610030840,40.47147403937059,141.474002,,,,,,,,,,,,
82,,2110418,1,20261003,840,40,4,0,0,0,0,0,27,3,0,0,0,0,0,3,202610030840,39.260555598454665,141.8394444,,,,,,,,,,,,
82,,2110419,1,20261003,840,48,2,1,0,0,0,0,24,3,1,0,0,0,0,3,202610030840,39.288333368477865,141.8633333,,,,,,,,,,,,
82,,2110421,1,20261003,840,27,10,0,0,0,0,0,18,1,0,0,0,0,0,3,202610030840,39.366111148542295,141.9044444,,,,,,,,,,,,
82,,2110422,1,20261003,840,26,10,0,0,0,0,0,29,1,0,0,0,0,0,3,202610030840,39.36731670854329,141.8911806,,,,,,,,,,,,
82,,2110423,1,20261003,840,20,3,0,0,0,0,0,17,1,0,0,0,0,0,3,202610030840,40.22921103920324,141.7800234,,,,,,,,,,,,
82,,2110424,1,20261003,840,17,2,0,0,0,0,0,14,2,0,0,0,0,0,3,202610030840,39.601276038732266,140.551915,,,,,,,,,,,,
82,,2110428,1,20261003,840,17,2,1,0,0,0,0,37,3,0,0,0,0,0,3,202610030840,38.73322403799523,140.787123,,,,,,,,,,,,
82,,2110432,1,20261003,840,6,2,0,0,0,0,0,1,1,0,0,0,0,0,3,202610030840,38.73755603799914,140.598389,,,,,,,,,,,,
82,,2110435,1,20261003,840,40,9,0,0,0,0,0,29,1,0,0,0,0,0,3,202610030840,38.74138978800262,140.2831578,,,,,,,,,,,,
82,,2110436,1,20261003,840,27,2,0,0,0,0,0,24,4,0,0,0,0,0,3,202610030840,38.74416703800512,140.259722,,,,,,,,,,,,
82,,2110437,1,20261003,840,45,13,0,0,0,0,0,25,4,0,0,0,0,0,3,202610030840,38.73663903799832,140.168833,,,,,,,,,,,,
82,,2110438,1,20261003,840,30,3,0,0,0,0,0,22,3,0,0,0,0,0,3,202610030840,38.745210838006074,140.2326227,,,,,,,,,,,,
82,,2110440,1,20261003,840,38,9,0,0,0,0,0,17,3,0,0,0,0,0,3,202610030840,38.78155241803881,140.0267226,,,,,,,,,,,,
82,,2110445,1,20261003,840,88,6,0,0,0,0,0,76,12,0,0,0,0,0,3,202610030840,38.26502503755774,140.79343300000002,,,,,,,,,,,,
82,,2110450,1,20261003,840,29,3,0,0,0,0,0,20,2,0,0,0,0,0,3,202610030840,38.391999797679084,140.5672252,,,,,,,,,,,,
82,,2110451,1,20261003,840,40,2,0,0,0,0,0,52,2,0,0,0,0,0,3,202610030840,38.877650438124604,139.8869442,,,,,,,,,,,,
82,,2110452,1,20261003,840,58,2,0,0,0,0,0,70,5,0,0,0,0,0,3,202610030840,38.901543148145755,139.8723154,,,,,,,,,,,,
82,,2110453,1,20261003,840,2,0,0,0,0,0,0,3,0,0,0,0,0,0,3,202610030840,38.90368057814766,139.8668909,,,,,,,,,,,,
82,,2110454,1,20261003,840,53,2,0,0,0,0,0,61,3,0,0,0,0,0,3,202610030840,38.87364379812106,139.886117,,,,,,,,,,,,
82,,2110455,1,20261003,840,40,0,0,0,0,0,0,40,8,0,0,0,0,0,3,202610030840,37.062925546313075,140.8516252,,,,,,,,,,,,
82,,2110456,1,20261003,840,40,3,0,0,0,0,0,41,3,0,0,0,0,0,3,202610030840,38.85157810810144,139.8908657,,,,,,,,,,,,
82,,2110457,1,20261003,840,25,6,0,0,0,0,0,31,3,0,0,0,0,0,3,202610030840,38.831843418083864,139.9098858,,,,,,,,,,,,
82,,2110460,1,20261003,840,20,1,0,0,0,0,0,31,3,0,0,0,0,0,3,202610030840,37.11000003636498,140.7641667,,,,,,,,,,,,
82,,2110464,1,20261003,840,11,4,0,0,0,0,0,15,1,1,0,0,0,0,3,202610030840,37.31106211658384,140.4823494,,,,,,,,,,,,
82,,2110465,1,20261003,840,32,5,0,0,0,0,0,53,3,0,0,0,0,0,3,202610030840,37.33970064661463,140.406585,,,,,,,,,,,,
82,,2110470,1,20261003,840,27,2,0,0,0,0,0,29,3,0,0,0,0,0,3,202610030840,37.49456687677952,140.2463901,,,,,,,,,,,,
82,,2110472,1,20261003,840,5,1,0,0,0,0,0,6,0,0,0,0,0,0,3,202610030840,37.65080306694305,139.5936209,,,,,,,,,,,,
82,,2110473,1,20261003,840,59,6,0,0,0,0,0,27,4,0,0,0,0,0,3,202610030840,37.548570346836364,139.9683643,,,,,,,,,,,,
82,,2110474,1,20261003,840,44,2,0,0,0,0,0,32,2,0,0,0,0,0,3,202610030840,37.55735328684558,139.8550022,,,,,,,,,,,,
82,,2110477,1,20261003,840,34,3,0,0,0,0,0,44,7,0,0,0,0,0,3,202610030840,40.48458321937942,141.42701414,,,,,,,,,,,,
82,,2110478,1,20261003,840,16,3,0,0,0,0,0,20,1,0,0,0,0,0,3,202610030840,38.52642903780538,141.156619,,,,,,,,,,,,
82,,2110479,1,20261003,840,18,1,0,0,0,0,0,27,3,0,0,0,0,0,3,202610030840,38.556163037833,141.069142,,,,,,,,,,,,
82,,2110480,1,20261003,840,25,1,0,0,0,0,0,51,2,0,0,0,0,0,3,202610030840,38.570337037846144,140.982089,,,,,,,,,,,,
82,,2110481,1,20261003,840,19,1,0,0,0,0,0,8,1,0,0,0,0,0,3,202610030840,39.036923848264195,140.3899339,,,,,,,,,,,,
82,,2110482,1,20261003,840,43,4,0,0,0,0,0,24,8,0,0,0,0,0,3,202610030840,39.363397818540065,140.5656534,,,,,,,,,,,,
82,,2110485,1,20261003,840,63,1,0,0,0,0,0,57,3,0,0,0,0,0,3,202610030840,38.33956088762922,140.2816558,,,,,,,,,,,,
82,,2110488,1,20261003,840,6,0,0,0,0,0,0,11,0,0,0,0,0,0,3,202610030840,38.4566470377401,140.032103,,,,,,,,,,,,
82,,2110491,1,20261003,840,19,2,0,0,0,0,0,24,4,0,0,0,0,0,3,202610030840,38.58079848785582,139.9398136,,,,,,,,,,,,
82,,2110500,1,20261003,840,7,3,0,0,0,0,0,34,1,0,0,0,0,0,3,202610030840,38.046173177343945,139.7837305,,,,,,,,,,,,
82,,2110501,1,20261003,840,9,2,0,0,0,0,0,10,5,0,0,0,0,0,3,202610030840,38.0753590373728,139.72116,,,,,,,,,,,,
82,,2110502,1,20261003,840,11,1,0,0,0,0,0,21,1,0,0,0,0,0,3,202610030840,38.04606303734383,140.051715,,,,,,,,,,,,
82,,2110503,1,20261003,840,28,2,0,0,0,0,0,43,2,0,0,0,0,0,3,202610030840,38.044627037342416,140.064483,,,,,,,,,,,,
82,,2110504,1,20261003,840,25,1,0,0,0,0,0,29,2,0,0,0,0,0,3,202610030840,38.04518462734297,140.1366019,,,,,,,,,,,,
82,,2110510,1,20261003,840,21,4,0,0,0,0,0,31,1,0,0,0,0,0,3,202610030840,38.02769263732563,140.1668358,,,,,,,,,,,,
82,,2110519,1,20261003,840,19,2,0,0,0,0,0,12,2,0,0,0,0,0,3,202610030840,39.25195903844747,141.77938700000004,,,,,,,,,,,,
82,,2110521,1,20261003,840,14,3,0,0,0,0,0,27,4,0,0,0,0,0,3,202610030840,39.246448038442836,141.63560000000004,,,,,,,,,,,,
82,,2110531,1,20261003,840,30,1,0,0,0,0,0,22,2,0,0,0,0,0,1,202610030840,39.32515718850848,141.4883819,,,,,,,,,,,,
82,,2110540,1,20261003,840,46,1,0,0,0,0,0,20,1,0,0,0,0,0,1,202610030840,39.28807706847765,141.3475227,,,,,,,,,,,,
82,,2110541,1,20261003,840,22,2,0,0,0,0,0,19,2,0,0,0,0,0,1,202610030840,39.314345428499514,141.2615204,,,,,,,,,,,,
82,,2110542,1,20261003,840,15,1,0,0,0,0,0,22,6,0,0,0,0,0,3,202610030840,39.283375038473736,141.5516694,,,,,,,,,,,,
82,,2110552,1,20261003,840,28,0,1,0,0,0,0,25,3,0,0,0,0,0,3,202610030840,38.75991670801934,141.5025278,,,,,,,,,,,,
82,,2110553,1,20261003,840,40,5,0,0,0,0,0,46,2,4,0,0,0,0,3,202610030840,38.80716670806179,141.54275,,,,,,,,,,,,
82,,2110554,1,20261003,840,26,2,1,0,0,0,0,14,0,0,0,0,0,0,3,202610030840,38.96347225820022,141.6241944,,,,,,,,,,,,
82,,2110555,1,20261003,840,18,0,0,0,0,0,0,9,2,0,0,0,0,0,3,202610030840,39.21138892841335,141.865,,,,,,,,,,,,
82,,2110556,1,20261003,840,31,5,1,0,0,0,0,41,2,1,0,0,0,0,3,202610030840,38.8781944781251,141.5846444,,,,,,,,,,,,
82,,2110557,1,20261003,840,27,3,6,0,0,0,0,25,1,1,0,0,0,0,3,202610030840,38.789722258046154,141.5180556,,,,,,,,,,,,
82,,2110558,1,20261003,840,21,3,0,0,0,0,0,21,5,1,0,0,0,0,3,202610030840,38.88277803812915,141.585833,,,,,,,,,,,,
82,,2110559,1,20261003,840,38,2,0,0,0,0,0,13,2,0,0,0,0,0,3,202610030840,38.925278038166695,141.6025,,,,,,,,,,,,
82,,2110560,1,20261003,840,17,3,0,0,0,0,0,15,2,2,0,0,0,0,3,202610030840,38.89750003814219,141.595,,,,,,,,,,,,
82,,2110561,1,20261003,840,32,3,3,0,0,0,0,19,3,1,0,0,0,0,3,202610030840,38.91750003815984,141.591944,,,,,,,,,,,,
82,,2110604,1,20261003,840,18,3,2,0,0,0,0,20,1,0,0,0,0,0,3,202610030840,40.1607780391545,141.767278,,,,,,,,,,,,
82,,2112104,1,20261003,840,11,8,0,0,0,0,0,8,8,4,0,0,0,0,3,202610030840,40.733783919542624,141.20798154,,,,,,,,,,,,
82,,2120001,1,20261003,840,29,6,0,0,0,0,0,35,4,0,0,0,0,0,3,202610030840,40.75045198955322,140.54906872,,,,,,,,,,,,
82,,2120005,1,20261003,840,32,5,0,0,0,0,0,45,3,0,0,0,0,0,3,202610030840,40.79249892957982,140.48972552,,,,,,,,,,,,
82,,2120010,1,20261003,840,21,3,0,0,0,0,0,35,0,0,0,0,0,0,3,202610030840,40.81212879959214,140.47707546,,,,,,,,,,,,
82,,2120015,1,20261003,840,10,1,0,0,0,0,0,26,3,0,0,0,0,0,3,202610030840,40.82729603960163,140.4413,,,,,,,,,,,,
82,,2120020,1,20261003,840,6,1,0,0,0,0,0,9,3,0,0,0,0,0,3,202610030840,40.78380703957434,140.261545,,,,,,,,,,,,
82,,2310200,1,20261003,840,65,4,0,0,0,0,0,76,7,0,0,0,0,0,3,202610030840,39.70615403881462,140.09793,,,,,,,,,,,,
82,,2312101,1,20261003,840,39,10,0,0,0,0,0,50,6,0,0,0,0,0,3,202610030840,40.70834700952637,141.24477593,,,,,,,,,,,,
82,,2312102,1,20261003,840,24,7,0,0,0,0,0,36,5,0,0,0,0,0,3,202610030840,40.725233449537164,141.22804347,,,,,,,,,,,,
82,,2312103,1,20261003,840,25,4,0,0,0,0,0,26,0,0,0,0,0,0,3,202610030840,37.77535545707135,140.7514008,,,,,,,,,,,,
83,,3110010,1,20261003,840,79,15,6,0,0,0,0,68,10,10,0,0,0,0,3,202610030840,35.58550262456253,139.7049058,,,,,,,,,,,,
83,,3110020,1,20261003,840,137,15,7,0,0,0,0,112,18,8,0,0,0,0,3,202610030840,35.37938903430058,139.509906,,,,,,,,,,,,
83,,3110040,1,20261003,840,20,6,0,0,0,0,0,105,6,0,0,0,0,0,3,202610030840,35.24085503412222,139.123519,,,,,,,,,,,,
83,,3110050,1,20261003,840,82,25,5,0,0,0,0,87,22,3,0,0,0,0,3,202610030840,36.238458295364495,139.8048878,,,,,,,,,,,,
83,,3110060,1,20261003,840,176,12,4,0,0,0,0,194,17,4,0,0,0,0,3,202610030840,36.51217142568756,139.9177551,,,,,,,,,,,,
83,,3110070,1,20261003,840,74,9,3,0,0,0,0,65,10,2,0,0,0,0,3,202610030840,36.833366956056416,139.9495983,,,,,,,,,,,,
83,,3110080,1,20261003,840,29,1,0,0,0,0,0,21,2,0,0,0,0,0,3,202610030840,36.29676104543397,139.7863913,,,,,,,,,,,,
83,,3110090,1,20261003,840,45,1,1,0,0,0,0,66,0,1,0,0,0,0,3,202610030840,36.52417383570154,139.8798609,,,,,,,,,,,,
83,,3110100,1,20261003,840,45,0,1,0,0,0,0,56,2,1,0,0,0,0,3,202610030840,36.58529299577252,139.9295837,,,,,,,,,,,,
83,,3110110,1,20261003,840,34,3,0,0,0,0,0,61,6,0,0,0,0,0,3,202610030840,36.019401995100274,140.15926790000003,,,,,,,,,,,,
83,,3110120,1,20261003,840,51,15,0,0,0,0,0,0,0,0,0,0,0,0,3,202610030840,36.297327425434645,140.4228446,,,,,,,,,,,,
83,,3110140,1,20261003,840,86,10,3,0,0,0,0,77,6,3,0,0,0,0,3,202610030840,35.70274880470968,139.8786539,,,,,,,,,,,,
83,,3110150,1,20261003,840,50,13,4,0,0,0,0,71,10,12,0,0,0,0,3,202610030840,35.61902656460475,140.0975838,,,,,,,,,,,,
83,,3110160,1,20261003,840,67,13,5,0,0,0,0,57,11,5,0,0,0,0,3,202610030840,35.56474703453633,139.7273263,,,,,,,,,,,,
83,,3110170,1,20261003,840,65,25,0,0,0,0,0,53,14,0,0,0,0,0,3,202610030840,35.52794003448978,139.70328,,,,,,,,,,,,
83,,3110180,1,20261003,840,58,20,0,0,0,0,0,57,14,0,0,0,0,0,3,202610030840,35.47903203442772,139.638693,,,,,,,,,,,,
83,,3110190,1,20261003,840,38,4,5,0,0,0,0,71,4,6,0,0,0,0,3,202610030840,35.26731403415642,139.685375,,,,,,,,,,,,
83,,3110200,1,20261003,840,47,2,6,0,0,0,0,47,1,4,0,0,0,0,3,202610030840,35.36071103427663,139.629686,,,,,,,,,,,,
83,,3110220,1,20261003,840,84,25,0,0,0,0,0,114,18,0,0,0,0,0,3,202610030840,35.58894027456686,139.3426681,,,,,,,,,,,,
83,,3110230,1,20261003,840,28,2,1,0,0,0,0,28,5,3,0,0,0,0,3,202610030840,35.483485034433386,139.527129,,,,,,,,,,,,
83,,3110240,1,20261003,840,75,13,0,0,0,0,0,65,18,0,0,0,0,0,3,202610030840,35.83073572486877,139.3800849,,,,,,,,,,,,
83,,3110250,1,20261003,840,98,16,2,0,0,0,0,94,22,3,0,0,0,0,3,202610030840,35.707798574715994,140.1198261,,,,,,,,,,,,
83,,3110260,1,20261003,840,70,23,6,0,0,0,0,66,27,4,0,0,0,0,3,202610030840,35.53057826449313,140.0927666,,,,,,,,,,,,
83,,3110270,1,20261003,840,48,8,3,0,0,0,0,48,8,2,0,0,0,0,3,202610030840,35.79240130482129,139.6854329,,,,,,,,,,,,
83,,3110280,1,20261003,840,115,30,0,0,0,0,0,101,29,0,0,0,0,0,3,202610030840,35.803056924834515,139.6481824,,,,,,,,,,,,
83,,3110290,1,20261003,840,86,10,0,0,0,0,0,95,13,0,0,0,0,0,3,202610030840,36.07243401516468,139.4990623,,,,,,,,,,,,
83,,3110300,1,20261003,840,25,1,0,0,0,0,0,30,2,0,0,0,0,0,3,202610030840,36.18854634530473,139.3083894,,,,,,,,,,,,
83,,3110310,1,20261003,840,45,2,1,0,0,0,0,68,6,0,0,0,0,0,3,202610030840,36.28225430541672,139.0870374,,,,,,,,,,,,
83,,3110320,1,20261003,840,109,2,4,0,0,0,0,96,6,1,0,0,0,0,3,202610030840,36.3553183655034,139.0125096,,,,,,,,,,,,
83,,3110350,1,20261003,840,58,7,0,0,0,0,0,46,7,0,0,0,0,0,3,202610030840,36.343173145489025,138.5572287,,,,,,,,,,,,
83,,3110360,1,20261003,840,58,5,0,0,0,0,0,51,3,0,0,0,0,0,3,202610030840,36.37715425552919,138.2764444,,,,,,,,,,,,
83,,3110370,1,20261003,840,37,5,0,0,0,0,0,45,1,0,0,0,0,0,3,202610030840,36.6491958258463,138.2215959,,,,,,,,,,,,
83,,3110380,1,20261003,840,33,6,0,0,0,0,0,40,4,0,0,0,0,0,3,202610030840,36.20646628532621,137.9629773,,,,,,,,,,,,
83,,3110390,1,20261003,840,16,3,0,0,0,0,0,15,1,0,0,0,0,0,3,202610030840,36.53866995571842,137.9675826,,,,,,,,,,,,
83,,3110400,1,20261003,840,74,9,4,0,0,0,0,93,6,2,0,0,0,0,3,202610030840,35.669090024667575,139.59433440000004,,,,,,,,,,,,
83,,3110410,1,20261003,840,17,1,0,0,0,0,0,68,0,9,0,0,0,0,3,202610030840,35.617552604602885,139.1855389,,,,,,,,,,,,
83,,3110420,1,20261003,840,40,2,0,0,0,0,0,60,3,0,0,0,0,0,3,202610030840,35.611220394594916,138.9628673,,,,,,,,,,,,
83,,3110430,1,20261003,840,9,3,0,0,0,0,0,23,17,0,0,0,0,0,3,202610030840,35.603966294585796,138.8040242,,,,,,,,,,,,
83,,3110440,1,20261003,840,52,2,0,0,0,0,0,79,6,0,0,0,0,0,3,202610030840,35.66782617466599,138.5078037,,,,,,,,,,,,
83,,3110450,1,20261003,840,13,1,0,0,0,0,0,17,2,0,0,0,0,0,3,202610030840,35.90777048496373,138.2345215,,,,,,,,,,,,
83,,3110460,1,20261003,840,28,1,0,0,0,0,0,36,2,0,0,0,0,0,3,202610030840,36.07055654516242,138.0938691,,,,,,,,,,,,
83,,3110470,1,20261003,840,34,7,4,0,0,0,0,34,8,0,0,0,0,0,3,202610030840,36.378318235530564,139.2290443,,,,,,,,,,,,
83,,3110480,1,20261003,840,103,14,2,0,0,0,0,97,12,3,0,0,0,0,3,202610030840,36.314701575455274,139.4271684,,,,,,,,,,,,
83,,3110490,1,20261003,840,42,6,0,0,0,0,0,51,0,0,0,0,0,0,3,202610030840,36.3924270955472,140.2677888,,,,,,,,,,,,
83,,3110520,1,20261003,840,17,4,0,0,0,0,0,55,5,0,0,0,0,0,3,202610030840,35.95803238502537,140.6007609,,,,,,,,,,,,
83,,3110550,1,20261003,840,1,0,0,0,0,0,0,13,1,0,0,0,0,0,3,202610030840,35.150913034005455,139.829981,,,,,,,,,,,,
83,,3110560,1,20261003,840,55,7,0,0,0,0,0,41,1,0,0,0,0,0,3,202610030840,35.43543715437221,138.84019380000004,,,,,,,,,,,,
83,,3110570,1,20261003,840,21,0,0,0,0,0,0,22,1,0,0,0,0,0,3,202610030840,35.39117538431567,138.86336800000004,,,,,,,,,,,,
83,,3110580,1,20261003,840,23,4,0,0,0,0,0,18,5,0,0,0,0,0,3,202610030840,35.47790102442629,138.6703992,,,,,,,,,,,,
83,,3110590,1,20261003,840,42,4,0,0,0,0,0,24,6,0,0,0,0,0,3,202610030840,35.51892892447836,138.83839670000003,,,,,,,,,,,,
83,,3110610,1,20261003,840,129,11,6,0,0,0,0,49,8,5,0,0,0,0,3,202610030840,35.536946034501184,139.510691,,,,,,,,,,,,
83,,3110620,1,20261003,840,98,25,2,0,0,0,0,105,21,10,0,0,0,0,3,202610030840,35.472892034419914,139.412266,,,,,,,,,,,,
83,,3110630,1,20261003,840,68,4,1,0,0,0,0,55,4,5,0,0,0,0,3,202610030840,35.4275870343622,139.351511,,,,,,,,,,,,
83,,3110640,1,20261003,840,40,2,2,0,0,0,0,39,4,4,0,0,0,0,3,202610030840,35.37445003429424,139.203293,,,,,,,,,,,,
83,,3110650,1,20261003,840,31,4,1,0,0,0,0,56,3,3,0,0,0,0,3,202610030840,35.36087503427685,139.014722,,,,,,,,,,,,
83,,3110660,1,20261003,840,105,18,9,0,0,0,0,75,23,6,0,0,0,0,3,202610030840,35.68396699468621,139.992342,,,,,,,,,,,,
83,,3110670,1,20261003,840,34,9,1,0,0,0,0,24,22,4,0,0,0,0,3,202610030840,35.588442964566234,139.7548217,,,,,,,,,,,,
83,,3110980,1,20261003,840,60,0,0,0,0,0,0,85,1,4,0,0,0,0,1,202610030840,36.24888937537695,138.4463891,,,,,,,,,,,,
83,,3110990,1,20261003,840,37,0,0,0,0,0,0,0,0,0,0,0,0,0,1,202610030840,36.242588925369425,138.4374556,,,,,,,,,,,,
83,,3111000,1,20261003,840,0,0,0,0,0,0,0,55,1,0,0,0,0,0,1,202610030840,36.22486392534824,138.4372861,,,,,,,,,,,,
83,,3111010,1,20261003,840,34,5,0,0,0,0,0,30,5,0,0,0,0,0,1,202610030840,36.16839725528054,138.4688,,,,,,,,,,,,
83,,3111030,1,20261003,840,23,4,0,0,0,0,0,0,0,0,0,0,0,0,1,202610030840,36.14629447525393,138.4676028,,,,,,,,,,,,
83,,3111040,1,20261003,840,0,0,0,0,0,0,0,28,2,0,0,0,0,0,1,202610030840,36.13644447524206,138.4613806,,,,,,,,,,,,
83,,3111050,1,20261003,840,33,3,1,0,0,0,0,62,5,3,0,0,0,0,1,202610030840,35.443037034381895,138.453937,,,,,,,,,,,,
83,,3111060,1,20261003,840,31,4,0,0,0,0,0,66,2,7,0,0,0,0,1,202610030840,35.48100503443024,138.45894900000002,,,,,,,,,,,,
83,,3111070,1,20261003,840,23,3,1,0,0,0,0,67,8,5,0,0,0,0,1,202610030840,35.35961103427522,138.456636,,,,,,,,,,,,
83,,3111080,1,20261003,840,24,1,0,0,0,0,0,66,4,2,0,0,0,0,1,202610030840,35.337913034247364,138.45119000000003,,,,,,,,,,,,
83,,3111090,1,20261003,840,16,1,0,0,0,0,0,50,2,2,0,0,0,0,1,202610030840,35.27778503416994,138.444487,,,,,,,,,,,,
83,,3310680,1,20261003,840,90,9,6,0,0,0,0,74,11,3,0,0,0,0,3,202610030840,35.55346203452207,139.695301,,,,,,,,,,,,
83,,3310690,1,20261003,840,67,4,15,0,0,0,0,38,6,2,0,0,0,0,3,202610030840,35.476498034424495,139.611304,,,,,,,,,,,,
83,,3310720,1,20261003,840,79,8,6,0,0,0,0,85,14,1,0,0,0,0,3,202610030840,35.78172684480805,139.8030451,,,,,,,,,,,,
83,,3310730,1,20261003,840,90,5,6,0,0,0,0,67,9,9,0,0,0,0,3,202610030840,35.723854004736026,139.819876,,,,,,,,,,,,
83,,3310740,1,20261003,840,101,15,5,0,0,0,0,0,0,0,0,1,1,0,3,202610030840,35.76173829478322,139.8620188,,,,,,,,,,,,
83,,3310750,1,20261003,840,73,9,8,0,0,0,0,107,10,5,0,0,0,0,3,202610030840,35.768080334791094,139.8831359,,,,,,,,,,,,
83,,3310760,1,20261003,840,40,4,0,0,0,0,0,35,2,0,0,0,0,0,3,202610030840,36.333593035477676,140.487226,,,,,,,,,,,,
83,,3310770,1,20261003,840,82,6,6,0,0,0,0,51,10,6,0,0,0,0,3,202610030840,35.696867714702336,139.8301488,,,,,,,,,,,,
83,,3310780,1,20261003,840,63,11,5,0,0,0,0,77,13,6,0,0,0,0,3,202610030840,35.550513454518345,139.7165117,,,,,,,,,,,,
83,,3310790,1,20261003,840,61,4,0,0,0,0,0,54,10,0,0,0,0,0,3,202610030840,35.30616103420651,139.624807,,,,,,,,,,,,
83,,3310810,1,20261003,840,107,29,2,0,0,0,0,108,20,8,0,0,0,0,3,202610030840,35.88142903493132,139.9657318,,,,,,,,,,,,
83,,3310820,1,20261003,840,101,16,6,0,0,0,0,57,10,5,0,0,0,0,3,202610030840,35.769723434793136,139.7015664,,,,,,,,,,,,
83,,3310830,1,20261003,840,29,2,1,0,0,0,0,28,4,1,0,0,0,0,3,202610030840,36.65616783585431,139.0205401,,,,,,,,,,,,
83,,3310840,1,20261003,840,86,3,8,0,0,0,0,76,14,3,0,0,0,0,3,202610030840,35.67115788467016,139.6194506,,,,,,,,,,,,
83,,3310850,1,20261003,840,95,10,0,0,0,0,0,87,3,0,0,0,0,0,3,202610030840,35.644829464637155,138.6173022,,,,,,,,,,,,
83,,3310860,1,20261003,840,13,3,0,0,0,0,0,21,1,0,0,0,0,0,3,202610030840,35.85597447489995,138.2880181,,,,,,,,,,,,
83,,3310880,1,20261003,840,19,2,0,0,0,0,0,24,2,0,0,0,0,0,3,202610030840,35.58082577455663,138.474952,,,,,,,,,,,,
83,,3310890,1,20261003,840,100,5,11,0,0,0,0,66,12,4,0,0,0,0,3,202610030840,35.625824724613295,139.6414769,,,,,,,,,,,,
83,,3310900,1,20261003,840,169,13,17,0,0,0,0,104,12,6,0,0,0,0,3,202610030840,35.60764403459042,139.613062,,,,,,,,,,,,
83,,3310910,1,20261003,840,34,10,2,0,0,0,0,65,8,7,0,0,0,0,3,202610030840,35.34910803426173,139.141352,,,,,,,,,,,,
83,,3310920,1,20261003,840,73,6,8,0,0,0,0,50,7,20,0,0,0,0,3,202610030840,35.74888073476721,139.6969986,,,,,,,,,,,,
83,,3310930,1,20261003,840,113,5,4,0,0,0,0,76,9,2,0,0,0,0,3,202610030840,35.757753044778255,139.6835902,,,,,,,,,,,,
83,,3310940,1,20261003,840,91,15,8,0,0,0,0,106,15,7,0,0,0,0,3,202610030840,35.653820154648436,140.0442401,,,,,,,,,,,,
83,,3310950,1,20261003,840,77,14,3,0,0,0,0,120,23,11,0,0,0,0,3,202610030840,35.64815995464133,139.9005461,,,,,,,,,,,,
83,,3310960,1,20261003,840,25,11,2,0,0,0,0,11,9,5,0,0,0,0,3,202610030840,35.646721404639536,139.8238456,,,,,,,,,,,,
84,,4110010,1,20261003,840,217,23,0,0,0,0,0,169,32,0,0,0,0,0,3,202610030840,37.932215037230314,139.139722,,,,,,,,,,,,
84,,4110020,1,20261003,840,60,5,0,0,0,0,0,52,6,0,0,0,0,0,3,202610030840,37.96100603725917,139.354741,,,,,,,,,,,,
84,,4110030,1,20261003,840,11,2,0,0,0,0,0,15,4,0,0,0,0,0,3,202610030840,38.540634037818585,139.550276,,,,,,,,,,,,
84,,4110040,1,20261003,840,215,30,0,0,0,0,0,277,17,0,0,0,0,0,3,202610030840,37.89993403719785,139.068639,139.0649569,37.8988954271968,,,,,,,,,,
84,,4110060,1,20261003,840,45,7,1,0,0,0,0,31,1,2,0,0,0,0,3,202610030840,37.56415502685272,138.8938299,,,,,,,,,,,,
84,,4110070,1,20261003,840,82,0,0,0,0,0,0,43,3,0,0,0,0,0,3,202610030840,37.44889503673119,138.76828100000003,,,,,,,,,,,,
84,,4110090,1,20261003,840,11,2,0,0,0,0,0,2,1,0,0,0,0,0,3,202610030840,36.97923003622018,137.642048,,,,,,,,,,,,
84,,4110110,1,20261003,840,70,7,0,0,0,0,0,116,4,6,0,0,0,0,3,202610030840,36.737147395947105,137.3387361,137.3387361,36.737147395947105,,,,,,,,,,
84,,4110120,1,20261003,840,99,5,0,0,0,0,0,79,7,1,0,0,0,0,3,202610030840,36.74295939595373,137.1063924,,,,,,,,,,,,
84,,4110130,1,20261003,840,67,6,1,0,0,0,0,87,13,1,0,0,0,0,3,202610030840,36.75988562597303,137.0465469,,,,,,,,,,,,
84,,4110140,1,20261003,840,47,8,1,0,0,0,0,41,6,1,0,0,0,0,3,202610030840,36.6765250558777,136.8260425,,,,,,,,,,,,
84,,4110150,1,20261003,840,178,18,0,0,0,0,0,150,10,0,0,0,0,0,3,202610030840,36.589046875776866,136.6271782,136.6276288,36.58868075577644,,,,,,,,,,
84,,4110160,1,20261003,840,80,9,0,0,0,0,0,47,7,0,0,0,0,0,3,202610030840,36.33272803547666,136.42083400000004,,,,,,,,,,,,
84,,4110180,1,20261003,840,39,0,0,0,0,0,0,35,2,0,0,0,0,0,3,202610030840,37.35568202663179,138.5718066,,,,,,,,,,,,
84,,4110190,1,20261003,840,3,0,0,0,0,0,0,6,0,1,0,0,0,0,3,202610030840,36.785345316001994,138.8016209,,,,,,,,,,,,
84,,4110200,1,20261003,840,22,3,1,0,0,0,0,26,5,4,0,0,0,0,3,202610030840,37.05929117630906,138.8725331,,,,,,,,,,,,
84,,4110210,1,20261003,840,39,1,2,0,0,0,0,0,0,0,0,0,0,0,3,202610030840,37.379305636657065,138.8344324,,,,,,,,,,,,
84,,4110220,1,20261003,840,27,2,0,0,0,0,0,13,1,0,0,0,0,0,3,202610030840,36.859512036085945,138.194944,,,,,,,,,,,,
84,,4110230,1,20261003,840,28,0,1,0,0,0,0,30,2,0,0,0,0,0,3,202610030840,36.59277686578118,137.2042608,,,,,,,,,,,,
84,,4110240,1,20261003,840,86,2,0,0,0,0,0,59,2,0,0,0,0,0,3,202610030840,36.68543044588792,137.2119749,,,,,,,,,,,,
84,,4110250,1,20261003,840,23,1,0,0,0,0,0,20,5,0,0,0,0,0,3,202610030840,37.66099003695361,139.47592,,,,,,,,,,,,
84,,4110260,1,20261003,840,15,1,0,0,0,0,0,21,2,0,0,0,0,0,3,202610030840,38.081379037378746,139.576978,,,,,,,,,,,,
84,,4110270,1,20261003,840,26,2,0,0,0,0,0,12,1,0,0,0,0,0,3,202610030840,37.60222103689251,138.798415,,,,,,,,,,,,
84,,4110280,1,20261003,840,43,3,0,0,0,0,0,34,0,0,0,0,0,0,3,202610030840,36.650611795847915,136.963672,,,,,,,,,,,,
84,,4110290,1,20261003,840,56,5,0,0,0,0,0,40,6,0,0,0,0,0,3,202610030840,36.52124203569812,136.587868,,,,,,,,,,,,
84,,4110300,1,20261003,840,103,11,0,0,1,0,0,116,4,0,0,0,0,0,3,202610030840,36.59043403577848,136.685666,136.68521,36.59039903577843,,,,,,,,,,
84,,4110310,1,20261003,840,3,1,0,0,0,0,0,3,0,1,0,0,0,0,3,202610030840,37.0464990362949,137.047738,,,,,,,,,,,,
84,,4110320,1,20261003,840,17,2,1,0,0,0,0,24,6,1,0,0,0,0,3,202610030840,36.8686864160963,136.96136,,,,,,,,,,,,
84,,4110330,1,20261003,840,42,8,0,0,0,0,0,30,3,0,0,0,0,0,3,202610030840,36.83313510605615,136.9442582,,,,,,,,,,,,
84,,4110340,1,20261003,840,22,11,0,0,0,0,0,33,16,0,0,0,0,0,3,202610030840,36.75969223597281,136.9658715,,,,,,,,,,,,
84,,4110350,1,20261003,840,16,5,0,0,0,0,0,35,4,0,0,1,0,0,3,202610030840,37.240650036507716,136.905469,,,,,,,,,,,,
84,,4110351,1,20261003,840,9,0,0,0,0,0,0,13,3,0,0,0,0,0,3,202610030840,37.31000403658269,136.9066,,,,,,,,,,,,
84,,4110370,1,20261003,840,32,2,0,0,0,0,0,26,2,0,0,0,0,0,6,202610030840,37.83527203713243,139.227435,,,,,,,,,,,,
84,,4110371,1,20261003,840,33,3,0,0,0,0,0,33,1,0,0,0,0,0,3,202610030840,37.829370037126424,139.20906,,,,,,,,,,,,
84,,4110380,1,20261003,840,19,1,0,0,0,0,0,23,0,0,0,0,0,0,3,202610030840,37.73164303702653,139.333641,,,,,,,,,,,,
84,,4110390,1,20261003,840,29,4,0,0,0,0,0,32,2,0,0,0,0,0,3,202610030840,37.699376036993314,139.38248,,,,,,,,,,,,
84,,4110400,1,20261003,840,22,6,0,0,0,0,0,16,0,0,0,0,0,0,3,202610030840,37.012781036257515,137.026061,,,,,,,,,,,,
84,,4110410,1,20261003,840,118,7,0,0,0,0,0,54,3,0,0,0,1,0,3,202610030840,36.38238103553535,136.486002,,,,,,,,,,,,
84,,4110430,1,20261003,840,5,1,0,0,0,0,0,2,0,0,0,0,0,0,3,202610030840,37.01726703626248,136.967459,,,,,,,,,,,,
84,,4110440,1,20261003,840,43,8,0,0,0,0,0,25,3,2,0,0,0,0,3,202610030840,36.80001257601863,136.9558319,,,,,,,,,,,,
84,,4110450,1,20261003,840,13,3,0,0,0,0,0,13,5,0,0,0,0,0,3,202610030840,36.88168028611092,136.97572590000001,,,,,,,,,,,,
84,,4110460,1,20261003,840,21,5,0,0,0,0,0,28,2,0,0,0,0,0,3,202610030840,36.93083435616611,137.0132339,,,,,,,,,,,,
84,,4110470,1,20261003,840,24,1,0,0,0,0,0,51,3,0,0,0,0,0,3,202610030840,36.84399970606843,137.4189931,,,,,,,,,,,,
84,,4110480,1,20261003,840,25,5,0,0,0,0,0,35,4,0,0,0,0,0,3,202610030840,37.7661015170619,139.0265521,,,,,,,,,,,,
84,,4110490,1,20261003,840,21,2,0,0,0,0,0,32,3,0,0,0,0,0,3,202610030840,37.77256794706851,139.0261587,,,,,,,,,,,,
84,,4110880,1,20261003,840,42,1,0,0,0,0,0,27,1,0,0,0,0,0,3,202610030840,37.159443036419226,138.223379,,,,,,,,,,,,
84,,4160390,1,20261003,840,18,3,0,0,0,0,0,15,3,0,0,0,0,0,1,202610030840,38.268866037561445,139.522026,,,,,,,,,,,,
84,,4310010,1,20261003,840,165,14,0,0,0,0,0,113,12,0,0,0,0,0,3,202610030840,37.90111003719903,139.07252,139.07275,37.90117003719909,,,,,,,,,,
84,,4310012,1,20261003,840,49,0,0,0,0,0,0,35,2,0,0,0,0,0,3,202610030840,37.92162903721969,139.058415,139.059129,37.921847037219905,,,,,,,,,,
84,,4310014,1,20261003,840,175,16,0,0,0,0,0,175,13,0,0,0,1,0,3,202610030840,37.91719603721522,139.11685,,,,,,,,,,,,
84,,4310020,1,20261003,840,109,8,0,0,0,0,0,53,9,0,0,0,0,0,3,202610030840,37.96990561726807,139.2601579,,,,,,,,,,,,
84,,4310030,1,20261003,840,80,2,0,0,0,0,0,69,6,0,0,0,0,0,3,202610030840,37.959626427257795,139.290365,,,,,,,,,,,,
84,,4310060,1,20261003,840,90,9,0,0,0,0,0,70,7,0,0,0,0,0,3,202610030840,37.855369037152805,139.017016,,,,,,,,,,,,
84,,4310070,1,20261003,840,41,7,0,0,0,0,0,46,2,0,0,0,0,0,3,202610030840,37.213535036478255,138.30873,,,,,,,,,,,,
84,,4310080,1,20261003,840,59,1,0,0,0,0,0,24,7,0,0,0,0,0,3,202610030840,37.15957303641935,138.228132,,,,,,,,,,,,
84,,4310090,1,20261003,840,30,0,0,0,0,0,0,26,4,0,0,0,0,0,3,202610030840,37.119068036374955,138.031711,,,,,,,,,,,,
84,,4310100,1,20261003,840,31,4,0,0,0,0,0,28,2,0,0,0,0,0,3,202610030840,37.04548803629378,137.853387,,,,,,,,,,,,
84,,4310110,1,20261003,840,19,1,0,0,0,0,0,21,2,0,0,0,0,0,3,202610030840,37.055192036304526,137.905522,,,,,,,,,,,,
84,,4310120,1,20261003,840,25,1,0,0,0,0,0,25,3,0,0,0,0,0,3,202610030840,36.94553606618256,137.53465,,,,,,,,,,,,
84,,4310130,1,20261003,840,81,7,0,0,0,0,0,61,3,1,0,0,0,0,3,202610030840,36.77997831599589,137.3953897,137.3949552,36.779578725995435,,,,,,,,,,
84,,4310160,1,20261003,840,13,2,0,0,0,0,0,14,3,0,0,0,0,0,3,202610030840,36.6900247158932,136.89856410000002,,,,,,,,,,,,
84,,4310170,1,20261003,840,25,1,0,0,0,0,0,0,0,0,0,0,0,0,3,202610030840,36.92741586616228,137.4845517,,,,,,,,,,,,
84,,4310190,1,20261003,840,48,5,0,0,1,0,0,50,5,0,0,1,0,0,3,202610030840,36.68614025588873,136.7302394,,,,,,,,,,,,
84,,4310200,1,20261003,840,43,2,0,0,0,0,0,42,5,0,0,0,0,0,3,202610030840,36.68324936588542,136.7232978,,,,,,,,,,,,
84,,4310210,1,20261003,840,129,17,0,0,0,0,0,108,10,0,0,0,0,0,3,202610030840,36.562841365746486,136.5982425,,,,,,,,,,,,
84,,4310220,1,20261003,840,112,8,0,0,0,0,0,85,7,0,0,0,0,0,3,202610030840,36.50450003567862,136.550432,,,,,,,,,,,,
84,,4310230,1,20261003,840,83,8,0,0,0,0,0,96,7,0,0,0,0,0,3,202610030840,36.42391556558427,136.483165,,,,,,,,,,,,
84,,4310250,1,20261003,840,34,3,0,0,0,0,0,28,9,0,0,0,0,0,3,202610030840,36.2785439554123,136.2915319,,,,,,,,,,,,
84,,4310270,1,20261003,840,6,0,0,0,0,0,0,12,2,0,0,0,0,0,3,202610030840,37.072231146323354,138.87240170000004,,,,,,,,,,,,
84,,4310280,1,20261003,840,42,5,0,0,0,0,0,36,3,0,0,0,0,0,3,202610030840,36.93595003617183,138.219789,,,,,,,,,,,,
84,,4310300,1,20261003,840,117,7,0,0,0,0,0,131,10,0,0,0,0,0,3,202610030840,37.135361036392844,138.266363,,,,,,,,,,,,
84,,4310310,1,20261003,840,16,0,3,0,0,0,0,33,7,2,0,0,0,0,3,202610030840,36.469212195637375,137.2416294,,,,,,,,,,,,
84,,4310320,1,20261003,840,15,0,2,0,0,0,0,20,4,1,0,0,0,0,3,202610030840,36.51196446568731,137.2282451,,,,,,,,,,,,
84,,4310330,1,20261003,840,57,6,0,0,0,0,0,45,4,0,0,0,0,0,3,202610030840,36.636592975831775,137.209239,,,,,,,,,,,,
84,,4310350,1,20261003,840,57,7,0,0,0,0,0,97,6,0,0,0,0,0,3,202610030840,37.85868303715617,139.114645,,,,,,,,,,,,
84,,4310360,1,20261003,840,32,2,16,0,0,0,0,29,0,1,0,0,0,0,3,202610030840,37.44596703672809,138.637808,,,,,,,,,,,,
84,,4310370,1,20261003,840,36,5,0,0,0,0,0,54,0,0,0,0,0,0,3,202610030840,37.659782356952356,138.8757271,,,,,,,,,,,,
84,,4310380,1,20261003,840,26,6,0,0,0,0,0,30,2,0,0,0,0,0,3,202610030840,37.75046003704586,138.90062,,,,,,,,,,,,
84,,4310390,1,20261003,840,0,1,0,0,0,0,0,0,3,0,0,0,0,0,3,202610030840,37.8373130371345,138.931687,,,,,,,,,,,,
84,,4310400,1,20261003,840,5,0,0,0,0,0,0,5,0,0,0,0,0,0,3,202610030840,36.554335475736636,137.0083094,,,,,,,,,,,,
84,,4310410,1,20261003,840,24,2,0,0,0,0,0,27,0,0,0,0,0,0,3,202610030840,36.956120636194385,136.8892354,,,,,,,,,,,,
84,,4310411,1,20261003,840,16,2,0,0,0,0,0,25,1,0,0,0,0,0,3,202610030840,36.92171203615589,136.844019,,,,,,,,,,,,
84,,4310420,1,20261003,840,14,1,0,0,0,0,0,14,0,0,0,0,0,0,3,202610030840,36.81057320603062,136.7629731,,,,,,,,,,,,
84,,4310430,1,20261003,840,101,10,0,0,0,0,0,130,4,0,0,0,0,0,3,202610030840,36.68889768589191,136.7214257,,,,,,,,,,,,
84,,4310440,1,20261003,840,54,3,0,0,0,0,0,81,4,0,0,0,0,0,3,202610030840,36.62649371582013,136.7029238,,,,,,,,,,,,
84,,4310441,1,20261003,840,71,4,0,0,0,0,0,107,3,0,0,0,0,0,3,202610030840,36.60182503579164,136.700048,,,,,,,,,,,,
84,,4310450,1,20261003,840,127,1,0,0,0,0,0,128,5,3,0,0,0,0,3,202610030840,36.57428003575976,136.686305,136.6864014,36.57449126576,,,,,,,,,,
84,,4310460,1,20261003,840,2,1,1,0,0,0,0,3,0,0,0,0,0,0,3,202610030840,36.9580881961966,137.048108,,,,,,,,,,,,
84,,4310470,1,20261003,840,91,1,0,0,0,0,0,76,3,1,0,0,0,0,3,202610030840,36.77955370599541,137.0001501,,,,,,,,,,,,
85,22,5110100,1,20261003,840,126,7,7,0,0,0,0,128,6,4,0,0,0,0,3,202610030840,35.15213957400704,138.9246216,,,,,,,,,,,,
85,22,5110109,1,20261003,840,40,6,0,0,0,0,0,43,4,1,0,0,0,0,3,202610030840,35.118767763963525,138.9293772,,,,,,,,,,,,
85,22,5110111,1,20261003,840,97,6,4,0,0,0,0,126,4,7,0,0,0,0,3,202610030840,35.10924329395108,138.9124954,,,,,,,,,,,,
85,22,5110115,1,20261003,840,81,16,0,0,0,0,0,96,12,0,0,0,0,0,3,202610030840,35.138890033989775,138.739584,,,,,,,,,,,,
85,22,5110120,1,20261003,840,132,11,0,0,0,0,0,126,15,0,0,0,0,0,3,202610030840,35.06126803388831,138.536991,,,,,,,,,,,,
85,22,5110125,1,20261003,840,75,5,0,0,0,0,0,82,7,0,0,0,0,0,3,202610030840,34.99945503380712,138.431978,,,,,,,,,,,,
85,22,5110130,1,20261003,840,177,27,0,0,0,0,0,136,18,0,0,0,0,0,3,202610030840,35.00292603381168,138.37946,,,,,,,,,,,,
85,22,5110135,1,20261003,840,173,15,0,0,0,0,0,106,14,0,0,0,0,0,3,202610030840,34.9427310337323,138.326229,,,,,,,,,,,,
85,22,5110140,1,20261003,840,85,10,0,0,0,0,0,67,8,0,0,0,0,0,3,202610030840,34.87443903364182,138.231472,,,,,,,,,,,,
85,22,5110145,1,20261003,840,42,9,0,0,0,0,0,73,5,0,0,0,0,0,3,202610030840,34.831770733585074,138.1182557,,,,,,,,,,,,
85,22,5110148,1,20261003,840,192,16,0,0,0,0,0,215,16,0,0,0,0,0,3,202610030840,34.73805952345989,137.853806,,,,,,,,,,,,
85,22,5110150,1,20261003,840,177,12,4,0,0,0,0,205,17,0,0,0,0,0,3,202610030840,34.731415953450984,137.7966642,,,,,,,,,,,,
85,22,5110155,1,20261003,840,80,8,0,0,0,0,0,39,8,0,0,0,1,0,3,202610030840,34.67742179337847,137.6802735,,,,,,,,,,,,
85,22,5110158,1,20261003,840,128,10,0,0,0,0,0,110,20,0,0,0,0,0,3,202610030840,34.67846877337988,137.608459,,,,,,,,,,,,
85,22,5110160,1,20261003,840,64,11,0,0,0,0,0,82,14,0,0,0,0,0,3,202610030840,34.67701253337791,137.5025406,,,,,,,,,,,,
85,23,5110170,1,20261003,840,82,6,0,0,0,0,0,101,12,0,0,0,0,0,3,202610030840,34.7982592835404,137.36621260000004,,,,,,,,,,,,
85,23,5110175,1,20261003,840,88,9,0,0,0,0,0,92,7,0,0,0,0,0,3,202610030840,34.92391956370741,137.2032416,,,,,,,,,,,,
85,23,5110180,1,20261003,840,46,9,0,0,0,0,0,36,0,0,0,0,0,0,3,202610030840,35.12246228396835,136.7712316,,,,,,,,,,,,
85,24,5110185,1,20261003,840,60,7,0,0,0,0,0,55,6,0,0,0,0,0,3,202610030840,35.02683417384312,136.6459825,,,,,,,,,,,,
85,24,5110190,1,20261003,840,81,9,0,0,0,0,0,72,6,0,0,0,0,0,3,202610030840,34.914394373694805,136.5686551,,,,,,,,,,,,
85,23,5110250,1,20261003,840,83,10,0,0,0,0,0,79,8,0,0,0,0,0,3,202610030840,35.23002111410819,136.9279236,,,,,,,,,,,,
85,23,5110255,1,20261003,840,48,8,0,0,0,0,0,54,7,0,0,0,0,0,3,202610030840,35.22358825409986,136.8807274,,,,,,,,,,,,
85,22,5111410,1,20261003,840,32,0,2,0,0,0,0,33,0,3,0,0,0,0,3,202610030840,34.9385786437268,138.9422778,,,,,,,,,,,,
85,22,5111435,1,20261003,840,102,2,0,0,0,0,0,97,8,0,0,0,0,0,3,202610030840,35.112323893955114,138.9483055,,,,,,,,,,,,
85,22,5111440,1,20261003,840,71,2,0,0,0,0,0,41,3,0,0,0,0,0,3,202610030840,35.09294534392978,138.9461249,,,,,,,,,,,,
85,22,5111460,1,20261003,840,10,1,0,0,0,0,0,10,1,0,0,0,0,0,3,202610030840,34.773393033507176,138.94734200000002,,,,,,,,,,,,
85,23,5111910,1,20261003,840,111,17,0,0,0,0,0,116,26,0,0,0,0,0,3,202610030840,35.251491704135965,136.9747388,,,,,,,,,,,,
85,21,5111920,1,20261003,840,82,8,0,0,0,0,0,97,7,0,0,0,0,0,3,202610030840,35.33014667423738,137.0762497,,,,,,,,,,,,
85,21,5111930,1,20261003,840,71,8,0,0,0,0,0,77,9,0,0,0,0,0,3,202610030840,35.36635604428386,137.2135359,,,,,,,,,,,,
85,21,5111940,1,20261003,840,101,9,0,0,0,0,0,119,8,0,0,0,0,0,3,202610030840,35.477490394425764,137.4827895,,,,,,,,,,,,
85,21,5111950,1,20261003,840,40,3,0,0,0,0,0,57,2,0,0,0,0,0,3,202610030840,35.54294722450878,137.5415325,,,,,,,,,,,,
85,20,5111960,1,20261003,840,12,0,0,0,0,0,0,18,2,0,0,0,0,0,3,202610030840,35.79372550482294,137.6867026,,,,,,,,,,,,
85,20,5111970,1,20261003,840,0,0,0,0,0,1,0,39,0,0,0,0,0,0,3,202610030840,35.86568255491192,137.7375698,,,,,,,,,,,,
85,21,5112190,1,20261003,840,30,3,0,0,0,0,0,30,7,0,0,0,0,0,3,202610030840,35.35969120427531,136.4557958,,,,,,,,,,,,
85,21,5112240,1,20261003,840,110,8,0,0,0,0,0,107,13,0,0,0,0,0,3,202610030840,35.38091091430252,136.7844039,,,,,,,,,,,,
85,23,5112320,1,20261003,840,159,15,0,0,0,0,0,212,19,0,0,0,0,0,3,202610030840,34.935405063722605,137.0426846,,,,,,,,,,,,
85,23,5112325,1,20261003,840,211,34,0,0,0,0,0,235,27,0,0,0,0,0,3,202610030840,35.020771293835146,137.0130622,,,,,,,,,,,,
85,23,5112330,1,20261003,840,225,26,0,0,0,0,0,278,30,0,0,0,0,0,3,202610030840,35.04312062386452,136.9841158,,,,,,,,,,,,
85,23,5112340,1,20261003,840,80,23,0,0,0,0,0,82,21,0,0,0,0,0,3,202610030840,35.06974911389942,136.7566216,,,,,,,,,,,,
85,24,5112350,1,20261003,840,112,16,0,0,0,0,0,127,15,0,0,0,0,0,3,202610030840,35.00912200381983,136.6732612,,,,,,,,,,,,
85,24,5112355,1,20261003,840,93,12,0,0,0,0,0,133,5,0,0,0,0,0,3,202610030840,34.75468373348215,136.5225828,,,,,,,,,,,,
85,24,5112360,1,20261003,840,82,8,0,0,0,0,0,67,4,0,0,0,0,0,3,202610030840,34.558484833217825,136.6473028,,,,,,,,,,,,
85,24,5112370,1,20261003,840,55,5,0,0,0,0,0,61,7,0,0,0,0,0,3,202610030840,34.78302070352005,136.5006557,,,,,,,,,,,,
85,24,5112375,1,20261003,840,74,3,0,0,0,0,0,66,10,0,0,0,0,0,3,202610030840,34.74150673346451,136.4838785,,,,,,,,,,,,
85,24,5112550,1,20261003,840,139,17,0,0,0,0,0,98,21,0,0,0,0,0,3,202610030840,34.839452033595315,136.260335,,,,,,,,,,,,
85,24,5112590,1,20261003,840,120,28,0,0,0,0,0,98,21,0,0,0,0,0,3,202610030840,34.703780033413906,136.071242,,,,,,,,,,,,
85,22,5113885,1,20261003,840,67,10,0,0,0,0,0,38,3,0,0,0,0,0,3,202610030840,35.33142394423902,138.8977143,,,,,,,,,,,,
85,22,5113890,1,20261003,840,38,3,0,0,0,0,0,38,2,0,0,0,0,0,3,202610030840,35.32388868422933,138.9049485,,,,,,,,,,,,
85,22,5113910,1,20261003,840,125,19,0,0,0,0,0,74,12,0,0,0,0,0,3,202610030840,35.18190903404577,138.676858,,,,,,,,,,,,
85,22,5113920,1,20261003,840,108,11,0,0,0,0,0,84,8,0,0,0,0,0,3,202610030840,35.209794034081966,138.64987,,,,,,,,,,,,
85,22,5113990,1,20261003,840,16,1,0,0,0,0,0,30,3,0,0,0,0,0,3,202610030840,35.41511303434628,138.590083,,,,,,,,,,,,
85,23,5114110,1,20261003,840,114,11,0,0,0,0,0,77,16,0,0,0,0,0,3,202610030840,35.268750034158266,136.907566,,,,,,,,,,,,
85,23,5114120,1,20261003,840,121,21,0,0,0,0,0,96,17,0,0,0,0,0,3,202610030840,35.33167103423934,136.91981,,,,,,,,,,,,
85,21,5114130,1,20261003,840,36,5,0,0,0,0,0,41,0,0,0,0,0,0,3,202610030840,35.48643303443713,137.055201,,,,,,,,,,,,
85,21,5114140,1,20261003,840,30,7,0,0,0,0,0,27,0,0,0,0,0,0,3,202610030840,35.78858303481656,137.25606,,,,,,,,,,,,
85,21,5114150,1,20261003,840,33,1,0,0,0,0,0,40,7,0,0,0,0,0,3,202610030840,35.86755403491424,137.213563,,,,,,,,,,,,
85,21,5114160,1,20261003,840,14,3,0,0,0,0,0,29,0,0,0,0,0,0,3,202610030840,36.07096803516291,137.267306,,,,,,,,,,,,
85,21,5114170,1,20261003,840,19,1,0,0,0,0,0,25,5,0,0,0,0,0,3,202610030840,36.26496203539611,137.138911,,,,,,,,,,,,
85,21,5114180,1,20261003,840,15,1,0,0,0,0,0,11,3,0,0,0,0,0,3,202610030840,36.459520035626035,137.248946,,,,,,,,,,,,
85,24,5114210,1,20261003,840,69,9,0,0,0,0,0,35,1,0,0,0,0,0,3,202610030840,34.51961103316506,136.541333,,,,,,,,,,,,
85,24,5114230,1,20261003,840,17,3,0,0,0,0,0,17,1,0,0,0,0,0,3,202610030840,34.31527803288554,136.410056,,,,,,,,,,,,
85,24,5114250,1,20261003,840,11,0,0,0,0,0,0,11,0,0,0,0,0,0,3,202610030840,34.09569403258125,136.196222,,,,,,,,,,,,
85,24,5114270,1,20261003,840,14,4,0,0,0,0,0,9,3,0,0,0,0,0,3,202610030840,34.275333032830495,136.358917,,,,,,,,,,,,
85,24,5114290,1,20261003,840,34,3,0,0,0,0,0,35,0,0,0,0,0,0,3,202610030840,33.86069403225124,136.076111,,,,,,,,,,,,
85,22,5114610,1,20261003,840,116,3,5,0,0,0,0,112,7,3,0,0,0,0,3,202610030840,35.152874244008,138.8951207,,,,,,,,,,,,
85,22,5114620,1,20261003,840,50,5,1,0,0,0,0,87,7,1,0,0,0,0,3,202610030840,35.13134103397993,138.875041,,,,,,,,,,,,
85,22,5114630,1,20261003,840,70,8,2,0,0,0,0,83,9,1,0,0,0,0,3,202610030840,35.14589793399891,138.8871002,,,,,,,,,,,,
85,22,5114680,1,20261003,840,26,4,0,0,0,0,0,69,7,0,0,0,0,0,3,202610030840,35.35910497427457,139.0109217,,,,,,,,,,,,
85,22,5114740,1,20261003,840,2,0,0,0,0,0,0,6,0,0,0,0,0,0,3,202610030840,35.073007033903686,137.787657,,,,,,,,,,,,
85,22,5114750,1,20261003,840,19,0,0,0,0,0,0,7,0,0,0,0,0,0,3,202610030840,34.90575222368336,137.6681803,,,,,,,,,,,,
85,22,5115250,1,20261003,840,8,1,0,0,0,0,0,22,2,0,0,0,0,0,3,202610030840,35.137162033987515,138.520651,,,,,,,,,,,,
85,23,5115320,1,20261003,840,101,9,0,0,0,0,0,108,5,0,0,0,0,0,3,202610030840,35.10723119394846,137.0409411,,,,,,,,,,,,
85,23,5115340,1,20261003,840,19,4,0,0,0,0,0,64,0,0,0,0,0,0,3,202610030840,35.13153551398018,137.304967,,,,,,,,,,,,
85,20,5115370,1,20261003,840,0,0,0,0,1,1,0,0,0,0,0,1,1,0,3,202610030840,35.50121594445591,137.794953,,,,,,,,,,,,
85,20,5115380,1,20261003,840,18,1,0,0,0,0,0,36,3,0,0,0,0,0,3,202610030840,35.71541168472551,137.9379522,,,,,,,,,,,,
85,23,5115530,1,20261003,840,53,3,0,0,0,0,0,45,3,0,0,0,0,0,3,202610030840,35.06429103389226,137.11723,,,,,,,,,,,,
85,21,5115610,1,20261003,840,134,12,0,0,0,0,0,114,12,0,0,0,0,0,3,202610030840,35.39814591432458,136.7848921,,,,,,,,,,,,
85,21,5115630,1,20261003,840,39,2,0,0,0,0,0,33,3,0,0,0,0,0,3,202610030840,35.73557476475065,136.9518113,,,,,,,,,,,,
85,21,5115650,1,20261003,840,26,3,0,0,0,0,0,23,4,0,0,0,0,0,3,202610030840,35.88316975493347,136.85442030000002,,,,,,,,,,,,
85,21,5115680,1,20261003,840,3,0,0,0,0,0,0,7,0,0,0,0,0,0,3,202610030840,35.99802490507423,136.9009352,,,,,,,,,,,,
85,21,5115820,1,20261003,840,9,1,0,0,0,0,0,10,2,0,0,0,0,0,3,202610030840,36.18407203529936,137.542187,,,,,,,,,,,,
85,22,5123510,1,20261003,840,85,5,0,0,0,0,0,47,6,0,0,0,0,0,3,202610030840,35.141546483993245,139.1103673,,,,,,,,,,,,
85,20,5125390,1,20261003,840,43,3,0,0,0,0,0,19,1,0,0,0,0,0,3,202610030840,35.876706504925515,137.9806852,,,,,,,,,,,,
85,23,5311910,1,20261003,840,81,12,0,0,0,0,0,63,12,0,0,0,0,0,3,202610030840,35.124239273970666,136.856963,,,,,,,,,,,,
86,,6110010,1,20261003,840,35,4,0,0,0,0,0,36,9,0,0,0,0,0,3,202610030840,34.938138216795814,136.265283823013,,,,,,,,,,,,
86,,6110020,1,20261003,840,61,7,0,0,0,0,0,60,8,0,0,0,0,0,3,202610030840,34.990936305895495,136.115165948867,,,,,,,,,,,,
86,,6110030,1,20261003,840,57,4,13,0,0,0,0,75,6,2,0,0,0,0,3,202610030840,35.005385003512316,135.956851243972,,,,,,,,,,,,
86,,6110040,1,20261003,840,43,2,0,0,0,0,0,35,6,0,0,0,0,0,3,202610030840,34.95699292997823,135.913501381874,,,,,,,,,,,,
86,,6110050,1,20261003,840,86,4,0,0,0,0,0,66,6,0,0,0,0,0,3,202610030840,34.99087038445861,135.844525694847,,,,,,,,,,,,
86,,6110060,1,20261003,840,183,16,0,0,0,0,0,162,20,0,0,0,0,0,3,202610030840,34.99142632024544,135.831109285354,,,,,,,,,,,,
86,,6110070,1,20261003,840,133,8,0,0,0,0,0,128,11,0,0,0,0,0,3,202610030840,34.98630409707048,135.82777261734,,,,,,,,,,,,
86,,6110080,1,20261003,840,109,25,0,0,0,0,0,97,33,0,0,0,0,0,3,202610030840,34.91099177877929,135.744452476501,,,,,,,,,,,,
86,,6110090,1,20261003,840,161,27,0,0,0,0,0,145,28,0,0,0,0,0,3,202610030840,34.805311519271704,135.649480819702,,,,,,,,,,,,
86,,6110100,1,20261003,840,,,,0,0,0,1,,,,0,0,0,1,3,202610030840,34.81945711253497,135.720393061637,,,,,,,,,,,,
86,,6110110,1,20261003,840,57,7,0,0,0,0,0,53,4,0,0,0,0,0,3,202610030840,34.71960434074075,135.436824560165,,,,,,,,,,,,
86,,6110120,1,20261003,840,72,3,0,0,0,0,0,73,6,0,0,0,0,0,3,202610030840,34.64078623273222,135.106242299079,,,,,,,,,,,,
86,,6110130,1,20261003,840,188,29,0,0,0,0,0,179,23,0,0,0,0,0,3,202610030840,34.75756172115131,134.859353005886,,,,,,,,,,,,
86,,6110140,1,20261003,840,230,22,0,0,0,0,0,186,18,0,0,0,0,0,3,202610030840,34.83274825524009,134.630174338817,,,,,,,,,,,,
86,,6110150,1,20261003,840,117,15,0,0,0,0,0,143,10,0,0,0,0,0,3,202610030840,34.847425137493005,134.578367471694,,,,,,,,,,,,
86,,6110170,1,20261003,840,48,7,0,0,0,0,0,26,4,0,0,0,0,0,3,202610030840,36.23649392464164,136.286623477935,,,,,,,,,,,,
86,,6110180,1,20261003,840,11,3,0,0,0,0,0,21,4,0,0,0,0,0,3,202610030840,35.792989034822035,136.092793,,,,,,,,,,,,
86,,6110190,1,20261003,840,23,2,0,0,0,0,0,39,4,0,0,0,0,0,3,202610030840,35.62256603460919,136.08205800000002,,,,,,,,,,,,
86,,6110200,1,20261003,840,37,4,0,0,0,0,0,26,1,0,0,0,0,0,3,202610030840,35.319800029709974,136.279370784759,,,,,,,,,,,,
86,,6110210,1,20261003,840,46,1,0,0,0,0,0,43,8,0,0,0,0,0,3,202610030840,35.25049070224537,136.262805461883,,,,,,,,,,,,
86,,6110220,1,20261003,840,55,6,0,0,0,0,0,49,5,0,0,0,0,0,3,202610030840,35.135413702721344,136.168110072612,,,,,,,,,,,,
86,,6110230,1,20261003,840,44,6,0,0,0,0,0,38,3,0,0,0,0,0,3,202610030840,35.05193480694747,136.028718352317,,,,,,,,,,,,
86,,6110240,1,20261003,840,106,9,0,0,0,0,0,134,13,0,0,0,0,0,3,202610030840,34.97508726487281,135.666646957397,,,,,,,,,,,,
86,,6110250,1,20261003,840,73,7,0,0,0,0,0,93,10,0,0,0,0,0,3,202610030840,35.290674394918256,135.122528672218,,,,,,,,,,,,
86,,6110260,1,20261003,840,21,3,0,0,0,0,0,23,0,0,0,0,0,0,3,202610030840,35.33418386481987,134.859425425529,,,,,,,,,,,,
86,,6110270,1,20261003,840,19,0,0,0,0,0,0,19,3,0,0,0,0,0,3,202610030840,35.37906081109355,134.782794713974,,,,,,,,,,,,
86,,6110280,1,20261003,840,14,0,0,0,0,0,0,17,1,0,0,0,0,0,3,202610030840,35.39752934547739,134.617635011672,,,,,,,,,,,,
86,,6110290,1,20261003,840,33,4,0,0,0,0,0,16,3,0,0,0,0,0,3,202610030840,35.3445505431606,136.408736407756,,,,,,,,,,,,
86,,6110300,1,20261003,840,66,8,0,0,0,0,0,42,4,0,0,0,0,0,3,202610030840,34.929386538763445,135.767959356307,,,,,,,,,,,,
86,,6110310,1,20261003,840,116,15,0,0,0,0,0,98,16,0,0,0,0,0,3,202610030840,34.692826863672394,135.811829566955,,,,,,,,,,,,
86,,6110320,1,20261003,840,91,6,0,0,0,1,0,107,17,0,0,0,0,0,3,202610030840,34.49633103313339,135.742759,,,,,,,,,,,,
86,,6110330,1,20261003,840,72,4,0,0,0,0,0,98,6,0,0,0,0,0,3,202610030840,34.255336527005475,135.221571922302,,,,,,,,,,,,
86,,6110340,1,20261003,840,54,6,0,0,0,0,0,73,8,0,0,0,0,0,3,202610030840,34.59261679509626,135.476585626602,,,,,,,,,,,,
86,,6110350,1,20261003,840,125,11,0,0,0,0,0,112,7,0,0,0,0,0,3,202610030840,34.492391818044126,135.423381328582,,,,,,,,,,,,
86,,6110361,1,20261003,840,38,7,0,0,0,0,0,45,8,0,0,0,0,0,3,202610030840,34.27701629033371,135.164935521261,,,,,,,,,,,,
86,,6110370,1,20261003,840,38,4,0,0,0,0,0,45,4,0,0,0,0,0,3,202610030840,35.61308303459727,135.971192,,,,,,,,,,,,
86,,6110380,1,20261003,840,26,6,0,0,0,0,0,14,3,0,0,0,0,0,3,202610030840,35.486004106628485,135.463869273662,,,,,,,,,,,,
86,,6110390,1,20261003,840,30,3,0,0,0,0,0,19,1,0,0,0,0,0,3,202610030840,35.30401991598347,135.272947382363,,,,,,,,,,,,
86,,6110410,1,20261003,840,27,2,0,0,0,0,0,38,4,0,0,0,0,0,3,202610030840,34.99524305806187,134.558363556861,,,,,,,,,,,,
86,,6110430,1,20261003,840,2,0,1,0,0,0,0,2,0,1,0,0,0,0,3,202610030840,33.577233165562106,135.427241160067,,,,,,,,,,,,
86,,6110440,1,20261003,840,39,4,0,0,0,0,0,56,2,0,0,0,0,0,3,202610030840,34.143380032647656,135.20039,,,,,,,,,,,,
86,,6110450,1,20261003,840,91,38,0,0,0,0,0,76,53,0,0,0,0,0,3,202610030840,34.71254919312948,135.425688028335,,,,,,,,,,,,
86,,6110460,1,20261003,840,48,3,0,0,0,0,0,34,3,0,0,0,0,0,3,202610030840,35.431053158155514,136.016224622726,,,,,,,,,,,,
86,,6110470,1,20261003,840,88,3,0,0,0,0,0,59,3,0,0,0,0,0,3,202610030840,35.21341864052877,135.925826132297,,,,,,,,,,,,
86,,6110500,1,20261003,840,60,7,0,0,0,0,0,70,3,0,0,0,0,0,3,202610030840,35.10094221794055,135.892639160156,,,,,,,,,,,,
86,,6110510,1,20261003,840,61,18,0,0,0,0,0,50,5,0,0,0,0,0,3,202610030840,35.080206671418715,135.881878137588,,,,,,,,,,,,
86,,6110520,1,20261003,840,127,15,0,0,0,0,0,60,11,21,0,0,0,0,3,202610030840,35.00895503826151,135.838812589645,,,,,,,,,,,,
86,,6110530,1,20261003,840,104,19,0,0,0,0,0,49,15,0,0,0,0,0,3,202610030840,34.8925928963683,135.684016942977,,,,,,,,,,,,
86,,6110540,1,20261003,840,58,10,0,0,0,0,0,54,9,0,0,0,0,0,3,202610030840,34.686726631641484,134.982630014419,,,,,,,,,,,,
86,,6110670,1,20261003,840,66,10,0,0,0,0,0,97,12,0,0,0,0,0,3,202610030840,34.486465033119956,135.763168,,,,,,,,,,,,
86,,6110700,1,20261003,840,49,8,0,0,0,0,0,71,5,0,0,0,0,0,3,202610030840,34.36883103295914,135.698397,,,,,,,,,,,,
86,,6110710,1,20261003,840,54,9,0,0,0,0,0,63,10,0,0,0,0,0,3,202610030840,34.346251032928144,135.675464,,,,,,,,,,,,
86,,6110720,1,20261003,840,57,9,0,0,0,0,0,64,10,0,0,0,0,0,3,202610030840,34.34307531292378,135.6723947,,,,,,,,,,,,
86,,6110730,1,20261003,840,63,6,0,0,0,0,0,62,12,0,0,0,0,0,3,202610030840,34.3344353954711,135.643944740295,,,,,,,,,,,,
86,,6110740,1,20261003,840,56,6,2,0,0,0,0,78,7,4,0,0,0,0,3,202610030840,34.32057809029414,135.595622062683,,,,,,,,,,,,
86,,6110750,1,20261003,840,79,8,0,0,0,0,0,51,4,0,0,0,0,0,3,202610030840,34.30420703287028,135.508371,,,,,,,,,,,,
86,,6110760,1,20261003,840,73,5,0,0,0,0,0,43,4,0,0,0,0,0,3,202610030840,34.300277802864876,135.49583333,,,,,,,,,,,,
86,,6110765,1,20261003,840,83,12,0,0,0,0,0,83,7,0,0,0,0,0,3,202610030840,34.293299032855266,135.42037,,,,,,,,,,,,
86,,6110780,1,20261003,840,86,10,0,0,0,0,0,57,8,0,0,0,0,0,3,202610030840,34.290835032851874,135.406025,,,,,,,,,,,,
86,,6110790,1,20261003,840,32,3,0,0,0,0,0,39,6,0,0,0,0,0,3,202610030840,34.28766234793788,135.279854549589,,,,,,,,,,,,
86,,6110810,1,20261003,840,24,0,0,0,0,0,0,13,3,0,0,0,0,0,3,202610030840,35.91898971813652,136.6293598948,,,,,,,,,,,,
86,,6110820,1,20261003,840,25,1,0,0,0,0,0,13,1,0,0,0,0,0,3,202610030840,35.963561035032136,136.602468,,,,,,,,,,,,
86,,6110840,1,20261003,840,10,1,0,0,0,0,0,11,4,0,0,0,0,0,3,202610030840,35.98949103506382,136.526729,,,,,,,,,,,,
86,,6110860,1,20261003,840,32,1,0,0,0,0,0,54,8,0,0,0,0,0,3,202610030840,36.062580031168245,136.445198357105,,,,,,,,,,,,
86,,6110870,1,20261003,840,46,2,0,0,0,0,0,37,2,0,0,0,0,0,3,202610030840,36.074224272699254,136.374473869296,,,,,,,,,,,,
86,,6110880,1,20261003,840,42,1,0,0,0,0,0,31,1,0,0,0,0,0,3,202610030840,36.086521994378465,136.324462164098,,,,,,,,,,,,
86,,6110980,1,20261003,840,18,4,0,0,0,0,0,27,2,0,0,0,0,0,3,202610030840,35.30511375498357,134.89226102828903,,,,,,,,,,,,
86,,6111020,1,20261003,840,152,14,0,0,0,0,0,49,15,0,0,0,1,0,3,202610030840,34.61538892329484,135.8745,,,,,,,,,,,,
86,,6111030,1,20261003,840,28,1,0,0,0,0,0,32,0,0,0,0,0,0,3,202610030840,33.670648031981166,135.947246,,,,,,,,,,,,
86,,6111040,1,20261003,840,29,4,1,0,0,0,0,32,0,1,0,0,0,0,1,202610030840,33.74362082208521,135.40352793,,,,,,,,,,,,
86,,6111050,1,20261003,840,25,0,0,0,0,0,0,49,1,0,0,0,0,0,1,202610030840,33.67806806199178,135.40361475,,,,,,,,,,,,
86,,6111060,1,20261003,840,24,2,1,0,0,0,0,24,3,1,0,0,0,0,1,202610030840,33.63743103193369,135.410147,,,,,,,,,,,,
86,,6111070,1,20261003,840,5,0,0,0,0,0,0,10,1,0,0,0,0,0,1,202610030840,33.56605113183135,135.49421066,,,,,,,,,,,,
86,,6111080,1,20261003,840,34,4,0,0,0,0,0,0,0,0,0,0,0,0,1,202610030840,33.53123967178131,135.54653822,,,,,,,,,,,,
86,,6111090,1,20261003,840,33,2,0,0,0,0,0,20,2,1,0,0,0,0,3,202610030840,33.620083251908845,135.91802864,,,,,,,,,,,,
86,,6111094,1,20261003,840,24,1,1,0,0,0,0,21,1,0,0,0,0,0,3,202610030840,33.73308003207021,136.004619,,,,,,,,,,,,
86,,6111100,1,20261003,840,40,7,0,0,0,0,0,25,6,0,0,0,0,0,3,202610030840,34.29138892285263,135.3613889,,,,,,,,,,,,
87,,7110040,1,20261003,840,63,7,0,0,0,0,0,46,9,0,0,0,0,0,3,202610030840,34.51540182315934,133.565914,,,,,,,,,,,,
87,,7110090,1,20261003,840,66,11,0,0,0,0,0,53,11,0,0,0,0,0,3,202610030840,34.076861142554975,131.3867222,,,,,,,,,,,,
87,,7110140,1,20261003,840,53,6,0,0,0,0,0,64,4,0,0,0,0,0,3,202610030840,35.42972217436492,133.16019770000003,,,,,,,,,,,,
87,,7110150,1,20261003,840,68,5,0,0,0,0,0,59,10,0,0,0,0,0,3,202610030840,35.41501435434614,132.9291201,,,,,,,,,,,,
87,,7110160,1,20261003,840,17,1,0,0,0,0,0,28,2,0,0,0,0,0,3,202610030840,35.220801104096246,132.5117898,,,,,,,,,,,,
87,,7110170,1,20261003,840,4,1,0,0,0,0,0,2,1,0,0,0,0,0,3,202610030840,34.75449303348189,131.907185,,,,,,,,,,,,
87,,7110180,1,20261003,840,5,1,0,0,0,0,0,13,0,0,0,0,0,0,3,202610030840,34.42694447303873,131.76016670000004,,,,,,,,,,,,
87,,7110210,1,20261003,840,34,7,0,0,0,0,0,33,3,0,0,0,0,0,3,202610030840,34.8389208935946,133.9257149,,,,,,,,,,,,
87,,7110240,1,20261003,840,25,3,0,0,0,0,0,21,5,0,0,0,0,0,3,202610030840,34.684982133388644,133.784738,,,,,,,,,,,,
87,,7110260,1,20261003,840,6,0,0,0,0,0,0,27,0,0,0,0,0,0,3,202610030840,33.97988891241918,132.1977222,,,,,,,,,,,,
87,,7110270,1,20261003,840,17,1,0,0,0,0,0,15,1,0,0,0,0,0,3,202610030840,34.65950003335435,131.6773889,,,,,,,,,,,,
87,,7110280,1,20261003,840,22,1,0,0,0,0,0,11,1,0,0,0,0,0,3,202610030840,34.419861143029046,131.4097778,,,,,,,,,,,,
87,,7110290,1,20261003,840,21,4,0,0,0,0,0,40,2,0,0,0,0,0,3,202610030840,34.371805582963226,131.1861389,,,,,,,,,,,,
87,,7110320,1,20261003,840,30,1,0,0,0,0,0,44,1,0,0,0,0,0,3,202610030840,33.95763808238793,132.1366533,,,,,,,,,,,,
87,,7310110,1,20261003,840,30,4,0,0,0,0,0,43,4,0,0,0,0,0,3,202610030840,35.39772612432404,132.8747235,,,,,,,,,,,,
87,,7310120,1,20261003,840,27,2,0,0,0,0,0,15,4,0,0,0,0,0,3,202610030840,35.068629523897954,132.3222435,,,,,,,,,,,,
87,,7310150,1,20261003,840,6,1,0,0,0,0,0,6,3,0,0,0,0,0,3,202610030840,34.9738037337733,132.7317309,,,,,,,,,,,,
87,,7310160,1,20261003,840,3,1,0,0,0,0,0,8,0,0,0,0,0,0,3,202610030840,35.117460163961816,132.778337,,,,,,,,,,,,
87,,7310170,1,20261003,840,25,3,0,0,0,0,0,51,3,0,0,0,0,0,3,202610030840,34.705264123415894,133.7151146,,,,,,,,,,,,
87,,7310180,1,20261003,840,,,,,,,1,,,,,,,1,3,202610030840,34.38963891298768,131.3651944,,,,,,,,,,,,
87,,7310260,1,20261003,840,29,1,0,0,0,0,0,16,6,0,0,0,0,0,3,202610030840,35.132156843980994,132.4019922,,,,,,,,,,,,
87,,7310270,1,20261003,840,35,2,0,0,0,0,0,18,2,0,0,0,0,0,3,202610030840,35.08573619392036,132.3490609,,,,,,,,,,,,
87,,7310280,1,20261003,840,28,1,0,0,0,0,0,16,5,0,0,0,0,0,3,202610030840,35.076671573908484,132.335387,,,,,,,,,,,,
87,,7310290,1,20261003,840,16,1,0,0,0,1,0,34,2,0,0,0,0,0,3,202610030840,34.88220003365212,132.0657,,,,,,,,,,,,
87,,7310300,1,20261003,840,24,1,0,0,0,0,0,35,3,0,0,0,0,0,3,202610030840,34.86980443363566,132.0662027,,,,,,,,,,,,
87,,7310350,1,20261003,840,45,7,0,0,0,0,0,30,3,0,0,0,0,0,3,202610030840,34.83580109359045,131.9999083,,,,,,,,,,,,
87,,7310410,1,20261003,840,36,4,0,0,0,0,0,40,7,0,0,0,0,0,3,202610030840,35.21593257408993,132.5144274,,,,,,,,,,,,
87,,7310420,1,20261003,840,38,3,0,0,0,0,0,30,4,0,0,0,0,0,3,202610030840,35.275470134166945,132.6201357,,,,,,,,,,,,
87,,7310430,1,20261003,840,45,3,0,0,0,0,0,35,3,0,0,0,0,0,3,202610030840,35.303833034203514,132.688667,,,,,,,,,,,,
87,,7310440,1,20261003,840,37,1,0,0,0,0,0,0,0,0,0,0,0,0,3,202610030840,35.298722034196935,132.676944,,,,,,,,,,,,
87,,7310450,1,20261003,840,0,0,0,0,0,0,0,17,4,0,0,0,0,0,3,202610030840,35.290444034186265,132.645583,,,,,,,,,,,,
87,,7310460,1,20261003,840,0,0,0,0,0,1,0,11,4,0,0,0,0,0,3,202610030840,35.20082803407034,132.459905,,,,,,,,,,,,
87,,7310470,1,20261003,840,31,1,0,0,0,0,0,28,8,0,0,0,0,0,3,202610030840,35.1986450340675,132.455753,,,,,,,,,,,,
88,,8110010,1,20261003,840,21,5,0,0,0,0,0,15,5,0,0,0,0,0,3,202610030840,34.2207184500313,134.411544799804,,,,,,,,,,,,
88,,8110020,1,20261003,840,98,11,0,0,0,0,0,112,7,0,0,0,0,0,3,202610030840,34.30277465209332,134.084776639938,,,,,,,,,,,,
88,,8110030,1,20261003,840,90,13,0,0,0,0,0,85,12,0,0,0,0,0,3,202610030840,34.29671450737887,133.946895003318,,,,,,,,,,,,
88,,8110040,1,20261003,840,32,2,0,0,0,0,0,28,4,0,0,0,0,0,3,202610030840,34.17417938671837,133.715951442718,,,,,,,,,,,,
88,,8110050,1,20261003,840,43,3,0,0,0,0,0,55,2,0,0,0,0,0,3,202610030840,33.91236267641698,133.20324182510302,,,,,,,,,,,,
88,,8110060,1,20261003,840,19,7,2,0,0,0,0,38,7,0,0,0,0,0,3,202610030840,33.82431235182997,132.984384298324,,,,,,,,,,,,
88,,8110070,1,20261003,840,54,3,0,0,0,0,0,46,1,0,0,0,0,0,3,202610030840,34.28544169692582,134.00050163269,,,,,,,,,,,,
88,,8110080,1,20261003,840,11,1,0,0,0,0,0,12,1,0,0,0,0,0,3,202610030840,34.10608825909625,133.799223303794,,,,,,,,,,,,
88,,8110090,1,20261003,840,40,5,0,0,0,0,0,54,2,3,0,0,0,0,3,202610030840,34.028957826825085,133.828164339065,,,,,,,,,,,,
88,,8110100,1,20261003,840,9,2,0,0,0,0,0,27,2,0,0,0,0,0,3,202610030840,33.950764901704936,133.764853477478,,,,,,,,,,,,
88,,8110110,1,20261003,840,43,9,0,0,0,0,0,36,11,0,0,0,0,0,3,202610030840,33.58909346194513,133.626092746853,,,,,,,,,,,,
88,,8110115,1,20261003,840,42,4,0,0,0,0,0,55,6,0,0,0,0,0,3,202610030840,33.548205918990114,133.451582193374,,,,,,,,,,,,
88,,8110120,1,20261003,840,51,9,0,0,0,0,0,52,0,0,0,0,0,0,3,202610030840,33.543133969132924,133.402808904647,,,,,,,,,,,,
88,,8110130,1,20261003,840,53,4,3,0,0,0,0,60,1,3,0,0,0,0,3,202610030840,33.7476978963593,132.791587114334,,,,,,,,,,,,
88,,8110131,1,20261003,840,25,1,0,0,0,0,0,18,1,0,0,0,0,0,3,202610030840,33.793408870729856,134.592427611351,,,,,,,,,,,,
88,,8110140,1,20261003,840,26,0,0,0,0,0,0,11,0,0,0,0,0,0,3,202610030840,33.63466659400443,134.369745254516,,,,,,,,,,,,
88,,8110142,1,20261003,840,18,1,0,0,0,0,0,17,0,0,0,0,0,0,3,202610030840,33.74774819013548,134.53964678124,,,,,,,,,,,,
88,,8110160,1,20261003,840,14,1,0,0,0,0,0,14,1,0,0,0,0,0,3,202610030840,33.53924497073882,133.738444460766,,,,,,,,,,,,
88,,8110161,1,20261003,840,43,2,0,0,0,0,0,35,1,0,0,0,0,0,3,202610030840,33.520916544031145,133.780702650547,,,,,,,,,,,,
88,,8110162,1,20261003,840,65,2,0,0,0,0,0,53,5,0,0,0,0,0,3,202610030840,33.550342371512876,133.740176352243,,,,,,,,,,,,
88,,8110163,1,20261003,840,64,2,0,0,0,0,0,48,7,0,0,0,0,0,3,202610030840,33.55352220956595,133.721816021769,,,,,,,,,,,,
88,,8110164,1,20261003,840,15,1,0,0,0,0,0,13,3,0,0,0,0,0,3,202610030840,33.57127484589016,133.574287891387,,,,,,,,,,,,
88,,8110165,1,20261003,840,79,5,0,0,0,0,0,67,4,0,0,0,0,0,3,202610030840,33.56026408468244,133.633757829666,,,,,,,,,,,,
88,,8110166,1,20261003,840,84,3,0,0,0,0,0,67,4,0,0,0,0,0,3,202610030840,33.540965031795295,133.601005,,,,,,,,,,,,
88,,8110167,1,20261003,840,59,2,0,0,0,0,0,39,4,0,0,0,0,0,3,202610030840,33.5424317654246,133.583077945611,,,,,,,,,,,,
88,,8110168,1,20261003,840,60,3,0,0,0,0,0,57,9,0,0,0,0,0,3,202610030840,33.55589303181676,133.683497,,,,,,,,,,,,
88,,8110170,1,20261003,840,36,3,0,0,0,0,0,39,6,0,0,0,0,0,3,202610030840,33.485055031714765,133.373125,,,,,,,,,,,,
88,,8110171,1,20261003,840,24,1,0,0,0,0,0,47,6,0,0,0,0,0,3,202610030840,33.40395558523113,133.288643360137,,,,,,,,,,,,
88,,8110172,1,20261003,840,19,3,0,0,0,0,0,44,5,0,0,0,0,0,3,202610030840,33.39236677628474,133.278601169586,,,,,,,,,,,,
88,,8110174,1,20261003,840,24,0,0,0,0,0,0,15,4,0,0,0,0,0,3,202610030840,33.18330330083646,133.144855499267,,,,,,,,,,,,
88,,8110180,1,20261003,840,3,0,0,0,0,0,0,3,1,0,0,0,0,0,3,202610030840,33.35817590038214,133.253152370452,,,,,,,,,,,,
88,,8110181,1,20261003,840,17,3,0,0,0,0,0,14,1,0,0,0,0,0,3,202610030840,32.974388919857596,132.933138888889,,,,,,,,,,,,
88,,8110182,1,20261003,840,26,1,0,0,0,0,0,25,3,0,0,0,0,0,3,202610030840,32.96811114207051,132.872277777778,,,,,,,,,,,,
88,,8110183,1,20261003,840,19,1,0,0,0,0,0,9,0,0,0,0,0,0,3,202610030840,32.95902780872377,132.776972222222,,,,,,,,,,,,
88,,8110190,1,20261003,840,14,1,0,0,0,0,0,21,4,0,0,0,0,0,3,202610030840,32.96996536793415,132.68920719623503,,,,,,,,,,,,
88,,8110191,1,20261003,840,14,3,0,0,0,0,0,26,1,0,0,0,0,0,3,202610030840,33.13903103121127,132.517477,,,,,,,,,,,,
88,,8110192,1,20261003,840,14,2,0,0,0,0,0,36,0,0,0,0,0,0,3,202610030840,33.14590213224344,132.52205863595,,,,,,,,,,,,
88,,8110200,1,20261003,840,8,1,0,0,0,0,0,9,1,0,0,0,0,0,3,202610030840,33.325562031483756,132.5285,,,,,,,,,,,,
88,,8110210,1,20261003,840,82,4,4,0,0,0,0,91,4,3,0,0,0,0,3,202610030840,33.81637909326473,132.744826823472,,,,,,,,,,,,
88,,8110231,1,20261003,840,35,3,0,0,0,0,0,36,2,0,0,0,0,0,3,202610030840,34.03847794648641,134.520513564348,,,,,,,,,,,,
88,,8110232,1,20261003,840,32,3,0,0,0,0,0,43,3,0,0,0,0,0,3,202610030840,34.04120064204002,134.531005024909,,,,,,,,,,,,
88,,8110240,1,20261003,840,47,4,0,0,0,0,0,23,5,0,0,0,0,0,3,202610030840,34.03149633348104,132.829599380493,,,,,,,,,,,,
88,,8110250,1,20261003,840,23,3,0,0,0,0,0,32,3,0,0,0,0,0,3,202610030840,33.93004373774009,133.094837665557,,,,,,,,,,,,
88,,8111021,1,20261003,840,28,1,0,0,0,0,0,38,3,0,0,0,0,0,3,202610030840,33.50191403173908,133.309236,,,,,,,,,,,,
88,,8160020,1,20261003,840,33,1,0,0,0,0,0,41,4,0,0,0,0,0,1,202610030840,33.331092031491806,133.206098,,,,,,,,,,,,
88,,8160030,1,20261003,840,31,2,0,0,0,0,0,37,3,0,0,0,1,0,1,202610030840,33.23544203135242,133.159939,,,,,,,,,,,,
88,,8160040,1,20261003,840,39,4,0,0,0,0,0,65,6,0,0,0,0,0,1,202610030840,33.24742026280611,132.570131868124,,,,,,,,,,,,
88,,8160050,1,20261003,840,34,1,0,0,0,0,0,46,3,0,0,0,0,0,1,202610030840,33.33622666521378,132.557060122489,,,,,,,,,,,,
88,,8160060,1,20261003,840,35,3,0,0,0,0,0,21,8,0,0,0,0,0,1,202610030840,34.056139032526026,134.588624,,,,,,,,,,,,
88,,8310010,1,20261003,840,94,6,0,0,0,0,0,96,8,0,0,0,0,0,3,202610030840,34.152121047215225,134.579402804374,,,,,,,,,,,,
88,,8310020,1,20261003,840,30,3,0,0,0,0,0,46,3,0,0,0,0,0,3,202610030840,34.335875041773484,134.151295423507,,,,,,,,,,,,
88,,8310030,1,20261003,840,57,0,1,0,0,0,0,66,4,1,0,0,0,0,3,202610030840,33.79997204409725,132.86443054676,,,,,,,,,,,,
88,,8310040,1,20261003,840,86,5,0,0,0,0,0,83,4,0,0,0,0,0,3,202610030840,34.239532652899726,133.895906209945,,,,,,,,,,,,
88,,8310050,1,20261003,840,6,5,0,0,0,0,0,4,1,0,0,0,0,0,3,202610030840,33.797668032162,133.760304,,,,,,,,,,,,
88,,8310060,1,20261003,840,8,0,0,0,0,0,0,1,0,0,0,0,0,0,3,202610030840,33.54154672048833,133.042341470718,,,,,,,,,,,,
88,,8310061,1,20261003,840,73,6,0,0,0,0,0,69,10,0,0,0,0,0,3,202610030840,33.80675451706518,132.745272070169,,,,,,,,,,,,
88,,8310062,1,20261003,840,48,5,0,0,0,0,0,34,11,0,0,0,0,0,3,202610030840,33.814776032186245,132.720319,,,,,,,,,,,,
88,,8310070,1,20261003,840,133,7,0,0,0,0,0,90,6,0,0,0,0,0,3,202610030840,34.0102656781917,134.566428959369,,,,,,,,,,,,
88,,8310080,1,20261003,840,76,6,0,0,0,0,0,54,9,0,0,0,0,0,3,202610030840,33.9732071371816,134.633932113647,,,,,,,,,,,,
88,,8310100,1,20261003,840,,,,0,0,0,1,,,,0,0,0,1,3,202610030840,33.03511096021447,133.027331829071,,,,,,,,,,,,
88,,8310110,1,20261003,840,30,3,0,0,0,0,0,15,1,0,0,0,0,0,3,202610030840,33.4066250316014,132.509843,,,,,,,,,,,,
88,,8310120,1,20261003,840,48,13,0,0,0,0,0,95,10,0,0,0,0,0,3,202610030840,33.504510031742804,132.56675,,,,,,,,,,,,
88,,8310130,1,20261003,840,49,2,0,0,0,0,0,24,4,0,0,0,0,0,3,202610030840,33.53462955300938,132.597781419754,,,,,,,,,,,,
88,,8310140,1,20261003,840,31,2,0,0,0,0,0,23,1,0,0,0,0,0,3,202610030840,33.6125750318981,132.68712,,,,,,,,,,,,
88,,8310150,1,20261003,840,27,6,0,0,0,0,0,21,4,0,0,0,0,0,3,202610030840,34.0401782523243,134.018440246582,,,,,,,,,,,,
88,,8310160,1,20261003,840,65,3,0,0,0,0,0,38,7,1,0,0,0,0,3,202610030840,33.89056122326423,132.757075130939,,,,,,,,,,,,
89,,9110010,1,20261003,840,61,3,0,0,0,0,0,42,2,0,0,0,0,0,3,202610030840,33.86399103225591,130.750068,,,,,,,,,,,,
89,,9110030,1,20261003,840,89,5,0,0,0,0,0,78,7,0,0,0,0,0,3,202610030840,32.75695803064553,130.688122,,,,,,,,,,,,
89,,9110040,1,20261003,840,55,11,0,0,0,0,0,50,12,0,0,0,0,0,3,202610030840,32.565580030358504,130.688167,,,,,,,,,,,,
89,,9110050,1,20261003,840,66,11,0,0,0,0,0,70,12,0,0,0,0,0,3,202610030840,32.50104503026118,130.627862,,,,,,,,,,,,
89,,9110060,1,20261003,840,26,11,0,0,0,0,0,35,4,0,0,0,0,0,3,202610030840,31.848210029262603,130.249002,,,,,,,,,,,,
89,,9110070,1,20261003,840,16,3,0,0,0,0,0,22,3,0,0,0,0,0,3,202610030840,31.65408502896101,130.444438,,,,,,,,,,,,
89,,9110110,1,20261003,840,153,13,0,0,0,0,0,155,7,2,0,0,0,0,3,202610030840,33.248593781371625,131.5788746,,,,,,,,,,,,
89,,9110120,1,20261003,840,1,1,0,0,0,0,0,0,1,0,0,0,0,0,3,202610030840,32.83826903076675,131.716873,,,,,,,,,,,,
89,,9110140,1,20261003,840,31,7,0,0,0,0,0,37,3,0,0,0,0,0,3,202610030840,32.26510002990319,131.560352,,,,,,,,,,,,
89,,9110150,1,20261003,840,14,4,0,0,0,0,0,23,4,0,0,0,0,0,3,202610030840,31.853840029271314,131.136144,,,,,,,,,,,,
89,,9110160,1,20261003,840,38,8,0,0,0,0,0,27,3,0,0,0,0,0,3,202610030840,31.710555029048958,130.774553,,,,,,,,,,,,
89,,9110190,1,20261003,840,46,8,0,0,0,0,0,31,10,0,0,0,0,0,3,202610030840,33.3577350315305,130.488663,,,,,,,,,,,,
89,,9110200,1,20261003,840,32,5,0,0,0,0,0,25,3,0,0,0,0,0,3,202610030840,33.19609887129489,130.0312792,,,,,,,,,,,,
89,,9110230,1,20261003,840,6,2,0,0,0,0,0,10,2,0,0,0,0,0,3,202610030840,32.95195803093551,131.35466,,,,,,,,,,,,
89,,9110240,1,20261003,840,56,10,0,0,0,0,0,46,1,0,0,0,0,0,3,202610030840,33.669370031979355,130.847832,,,,,,,,,,,,
89,,9110280,1,20261003,840,54,2,0,0,0,0,0,27,7,0,0,0,0,0,3,202610030840,33.34785503151616,130.0187991,,,,,,,,,,,,
89,,9110290,1,20261003,840,30,3,0,0,0,0,0,38,2,0,0,0,0,0,3,202610030840,32.97125925096407,130.445357,,,,,,,,,,,,
89,,9110300,1,20261003,840,43,1,0,0,0,0,0,46,4,0,0,0,0,0,3,202610030840,33.14141103121475,130.470721,,,,,,,,,,,,
89,,9110335,1,20261003,840,15,2,0,0,0,0,0,20,1,0,0,0,0,0,3,202610030840,31.396273028557452,130.783657,,,,,,,,,,,,
89,,9110340,1,20261003,840,44,2,0,0,0,0,0,48,5,0,0,0,0,0,3,202610030840,31.452851608646302,130.7281932,,,,,,,,,,,,
89,,9310003,1,20261003,840,46,11,0,0,0,0,0,60,9,0,0,0,0,0,3,202610030840,33.947867982374184,130.968647,,,,,,,,,,,,
89,,9310015,1,20261003,840,91,11,0,0,0,0,0,94,13,0,0,0,0,0,3,202610030840,33.44660203165923,130.540337,,,,,,,,,,,,
89,,9310017,1,20261003,840,39,6,0,0,0,0,0,37,1,0,0,0,0,0,3,202610030840,33.323489031480754,130.523608,,,,,,,,,,,,
89,,9310020,1,20261003,840,16,2,0,0,0,0,0,25,3,0,0,0,0,0,3,202610030840,33.11458003117534,130.669176,,,,,,,,,,,,
89,,9310035,1,20261003,840,11,1,0,0,0,0,0,8,1,0,0,0,0,0,3,202610030840,32.406040030117445,130.555735,,,,,,,,,,,,
89,,9310045,1,20261003,840,20,3,0,0,0,0,0,22,4,0,0,0,0,0,3,202610030840,32.16215502974594,130.36789,,,,,,,,,,,,
89,,9310050,1,20261003,840,49,0,1,0,0,0,0,25,3,0,0,0,0,0,3,202610030840,31.714213029054637,130.275752,,,,,,,,,,,,
89,,9310060,1,20261003,840,30,2,0,0,0,0,0,33,3,0,0,0,0,0,3,202610030840,32.38562876008649,130.5414069,,,,,,,,,,,,
89,,9310070,1,20261003,840,0,0,44,0,0,1,1,61,7,5,0,0,0,1,3,202610030840,31.702321029036145,130.297006,,,,,,,,,,,,
89,,9310080,1,20261003,840,59,3,0,0,0,0,0,66,6,0,0,0,0,0,3,202610030840,33.80588903217365,130.960473,,,,,,,,,,,,
89,,9310085,1,20261003,840,46,3,0,0,0,0,0,54,1,0,0,0,0,0,3,202610030840,33.54594303180245,131.283198,,,,,,,,,,,,
89,,9310090,1,20261003,840,34,4,0,0,0,0,0,44,4,0,0,0,0,0,3,202610030840,33.38094503156419,131.540397,,,,,,,,,,,,
89,,9310100,1,20261003,840,76,6,0,0,0,0,0,109,16,0,0,0,0,0,3,202610030840,33.15920703124086,131.651922,,,,,,,,,,,,
89,,9310115,1,20261003,840,43,18,0,0,0,0,0,43,15,0,0,0,0,0,3,202610030840,31.726570029073855,131.023972,,,,,,,,,,,,
89,,9310120,1,20261003,840,75,12,0,0,0,0,0,70,6,0,0,0,0,0,3,202610030840,31.705779029041526,130.613215,,,,,,,,,,,,
89,,9310125,1,20261003,840,82,11,0,0,0,0,0,56,3,0,0,0,0,0,3,202610030840,33.21761616132637,130.1637701,,,,,,,,,,,,
89,,9310127,1,20261003,840,56,4,0,0,0,0,0,22,5,0,0,0,0,0,3,202610030840,32.91326503087817,130.976239,,,,,,,,,,,,
89,,9310130,1,20261003,840,94,5,0,0,0,0,0,72,5,0,0,0,0,0,3,202610030840,32.8754950308221,130.867355,,,,,,,,,,,,
89,,9310140,1,20261003,840,115,11,0,0,0,0,0,114,13,0,0,0,0,0,3,202610030840,32.820198990739854,130.7572925,,,,,,,,,,,,
89,,9310150,1,20261003,840,56,6,0,0,0,0,0,32,15,0,0,0,0,0,3,202610030840,32.6779330305273,130.55327,,,,,,,,,,,,
89,,9310155,1,20261003,840,43,1,0,0,0,0,0,45,0,0,0,0,0,0,3,202610030840,32.76467203065704,130.370667,,,,,,,,,,,,
89,,9310156,1,20261003,840,38,5,0,0,0,0,0,60,1,0,0,0,0,0,3,202610030840,32.78536503068792,130.199594,,,,,,,,,,,,
89,,9310157,1,20261003,840,27,7,0,0,0,0,0,52,4,0,0,0,0,0,3,202610030840,33.06696517110531,131.6229634,,,,,,,,,,,,
89,,9310159,1,20261003,840,13,1,0,0,0,0,0,28,6,0,0,0,0,0,3,202610030840,32.997429031002746,131.434075,,,,,,,,,,,,
89,,9310165,1,20261003,840,51,33,0,0,0,0,0,61,22,0,0,0,0,0,3,202610030840,33.62969103192261,130.442657,,,,,,,,,,,,
89,,9310174,1,20261003,840,102,6,0,0,0,0,0,89,15,0,0,0,0,0,3,202610030840,33.6275850319196,130.703907,,,,,,,,,,,,
89,,9310181,1,20261003,840,28,1,0,0,0,0,0,21,0,0,0,0,0,0,3,202610030840,33.230906841345785,130.3350523,,,,,,,,,,,,
89,,9310184,1,20261003,840,39,2,0,0,0,0,0,45,10,0,0,0,0,0,3,202610030840,32.918079150885305,130.6264597,,,,,,,,,,,,
89,,9310185,1,20261003,840,18,5,0,0,0,0,1,0,0,0,0,0,1,1,3,202610030840,33.37000946154832,129.9447181,,,,,,,,,,,,
89,,9310187,1,20261003,840,67,5,0,0,0,0,0,76,12,0,0,0,0,0,3,202610030840,33.504396031742644,130.111167,,,,,,,,,,,,
89,,9310188,1,20261003,840,31,2,0,0,0,0,0,23,4,0,0,0,0,0,3,202610030840,33.3383090315023,130.64702,,,,,,,,,,,,
89,,9310189,1,20261003,840,30,6,0,0,0,0,0,36,6,0,0,0,0,0,3,202610030840,33.06535003110294,129.833592,,,,,,,,,,,,
89,,9310191,1,20261003,840,56,9,0,0,0,0,0,42,2,0,0,0,0,0,3,202610030840,33.18514003127884,130.387366,,,,,,,,,,,,
89,,9310192,1,20261003,840,49,5,0,0,0,0,0,53,11,0,0,0,0,0,3,202610030840,33.20214803130375,130.361827,,,,,,,,,,,,
89,,9310193,1,20261003,840,39,4,0,0,0,0,0,24,5,0,0,0,0,0,3,202610030840,33.20855403131311,130.343385,,,,,,,,,,,,
89,,9310195,1,20261003,840,35,2,0,0,0,0,0,43,4,0,0,0,0,0,3,202610030840,33.32086003147692,130.863524,,,,,,,,,,,,
89,,9310200,1,20261003,840,23,6,0,0,0,0,0,14,1,0,0,0,0,0,3,202610030840,33.250128031373855,131.295812,,,,,,,,,,,,
89,,9310205,1,20261003,840,53,4,0,0,0,0,0,31,5,0,0,0,0,0,3,202610030840,33.19671903129579,131.498216,,,,,,,,,,,,
89,,9310210,1,20261003,840,49,5,0,0,0,0,0,30,2,0,0,0,0,0,3,202610030840,31.816050029212782,131.442962,,,,,,,,,,,,
89,,9310217,1,20261003,840,14,6,0,0,0,0,0,14,2,0,0,0,0,0,3,202610030840,31.417765998591218,130.99969040000002,,,,,,,,,,,,
89,,9310218,1,20261003,840,31,5,0,0,0,0,0,38,1,0,0,0,0,0,3,202610030840,31.377286028527593,130.545285,,,,,,,,,,,,
89,,9310219,1,20261003,840,7,0,0,0,0,0,0,18,2,0,0,0,0,0,3,202610030840,31.56571802882308,130.617867,,,,,,,,,,,,
89,,9310220,1,20261003,840,43,5,0,0,0,0,0,0,0,0,0,0,0,0,3,202610030840,33.43104381163675,130.0480662,,,,,,,,,,,,
89,,9310470,1,20261003,840,39,1,0,0,0,0,0,24,3,0,0,0,0,0,3,202610030840,32.24423502987137,130.476053,,,,,,,,,,,,
89,,9310480,1,20261003,840,16,2,0,0,0,0,0,18,0,0,0,0,0,0,3,202610030840,32.21685802982958,130.428031,,,,,,,,,,,,
89,,9310520,1,20261003,840,28,4,0,0,0,0,0,23,6,0,0,0,0,0,3,202610030840,32.102630029654726,130.326106,,,,,,,,,,,,
89,,9310530,1,20261003,840,37,4,0,0,0,0,0,39,2,0,0,0,0,0,3,202610030840,32.08242202962371,130.292812,,,,,,,,,,,,
89,,9310540,1,20261003,840,41,7,0,0,0,0,0,32,1,0,0,0,0,0,3,202610030840,32.07232702960822,130.26224,,,,,,,,,,,,
89,,9310600,1,20261003,840,16,5,0,0,0,0,0,18,3,0,0,0,0,0,3,202610030840,31.84607502925929,130.257831,,,,,,,,,,,,
89,,9310610,1,20261003,840,0,0,0,0,0,1,1,11,1,0,0,0,0,1,3,202610030840,31.804655029195118,130.283522,,,,,,,,,,,,
89,,9310620,1,20261003,840,65,7,0,0,0,0,0,34,5,0,0,0,0,0,3,202610030840,31.759537029125095,130.304217,,,,,,,,,,,,
89,,9310627,1,20261003,840,34,5,0,0,0,0,0,45,5,0,0,0,0,0,3,202610030840,33.46078103167972,130.044889,,,,,,,,,,,,
89,,9310630,1,20261003,840,42,5,0,0,0,0,0,11,1,0,0,0,0,0,3,202610030840,33.414414111612686,129.9958886,,,,,,,,,,,,
89,,9310640,1,20261003,840,50,5,0,0,0,0,0,50,3,0,0,0,0,0,3,202610030840,33.391371311579306,129.9347973,,,,,,,,,,,,
89,,9310650,1,20261003,840,55,8,0,0,0,0,0,46,3,0,0,0,0,0,3,202610030840,33.37966119156232,129.933567,,,,,,,,,,,,
89,,9310660,1,20261003,840,32,2,0,0,0,0,0,39,4,0,0,0,0,0,3,202610030840,33.30074103144764,129.915058,,,,,,,,,,,,
89,,9310710,1,20261003,840,0,0,0,0,0,1,1,17,8,0,0,0,0,1,3,202610030840,33.323471851480726,129.8060041,,,,,,,,,,,,
89,,9310730,1,20261003,840,18,2,0,0,0,0,0,17,2,0,0,0,0,0,3,202610030840,33.34824903151674,129.729277,,,,,,,,,,,,
89,,9310740,1,20261003,840,13,1,0,0,0,0,0,13,0,0,0,0,0,0,3,202610030840,33.34295921550905,129.672585536,,,,,,,,,,,,
89,,9360270,1,20261003,840,18,0,0,0,0,0,0,20,8,0,0,0,0,0,1,202610030840,32.93848103091554,131.866353,,,,,,,,,,,,
89,,9360280,1,20261003,840,15,4,0,0,0,0,0,5,3,0,0,0,0,0,1,202610030840,32.895717030852126,131.864089,,,,,,,,,,,,
89,,9360290,1,20261003,840,10,0,0,0,0,0,0,7,2,0,0,0,0,0,1,202610030840,32.80165203071222,131.87728,,,,,,,,,,,,
89,,9360300,1,20261003,840,25,1,0,0,0,0,0,6,0,0,0,0,0,0,1,202610030840,32.72780503060196,131.827089,,,,,,,,,,,,
89,,9360310,1,20261003,840,20,3,0,0,0,0,0,15,1,0,0,0,0,0,1,202610030840,32.708018030572354,131.811346,,,,,,,,,,,,
89,,9360320,1,20261003,840,29,3,0,0,0,0,0,19,1,0,0,0,0,0,1,202610030840,32.66071403050147,131.702707,,,,,,,,,,,,
89,,9360330,1,20261003,840,19,3,0,0,0,0,0,12,6,0,0,0,0,0,3,202610030840,32.67533903052341,131.725922,,,,,,,,,,,,
89,,9360340,1,20261003,840,60,8,0,0,0,0,0,41,6,0,0,0,0,0,3,202610030840,32.544601030326895,131.648426,,,,,,,,,,,,
89,,9360350,1,20261003,840,49,4,0,0,0,0,0,21,2,0,0,0,0,0,1,202610030840,31.69283102902137,131.379337,,,,,,,,,,,,
89,,9360360,1,20261003,840,33,5,0,0,0,0,0,28,4,0,0,0,0,0,1,202610030840,31.626655028918243,131.387644,,,,,,,,,,,,
89,,9360380,1,20261003,840,12,2,0,0,0,0,0,12,0,0,0,0,0,0,1,202610030840,31.48338302869418,131.081995,,,,,,,,,,,,
89,,9360385,1,20261003,840,6,2,0,0,0,0,0,8,6,0,0,0,0,0,1,202610030840,31.46605602866702,131.053459,,,,,,,,,,,,
89,,9360390,1,20261003,840,14,6,0,0,0,0,0,13,5,0,0,0,0,0,1,202610030840,31.445310028634466,130.99415,,,,,,,,,,,,
89,,9360400,1,20261003,840,25,10,0,0,0,0,0,31,5,0,0,0,0,0,1,202610030840,31.466282028667365,130.90009,,,,,,,,,,,,
89,,9360410,1,20261003,840,7,2,0,0,0,0,0,22,4,0,0,0,0,0,1,202610030840,31.521020028753135,130.93081,,,,,,,,,,,,
89,,9360420,1,20261003,840,19,8,0,0,0,0,0,32,3,0,0,0,0,0,1,202610030840,31.615248748900434,130.9538662,,,,,,,,,,,,
89,,9360430,1,20261003,840,23,0,0,0,0,0,0,35,3,0,0,0,0,0,1,202610030840,32.749633030634584,130.866625,,,,,,,,,,,,
89,,9360440,1,20261003,840,18,3,0,0,0,0,0,40,1,0,0,0,0,0,1,202610030840,32.741409030622286,130.89194,,,,,,,,,,,,
89,,9360443,1,20261003,840,17,1,0,0,0,0,0,32,2,0,0,0,0,0,1,202610030840,32.73097603060669,130.938429,,,,,,,,,,,,
89,,9360465,1,20261003,840,33,2,0,0,0,0,0,18,2,0,0,0,0,0,3,202610030840,32.69277003054952,131.345815,,,,,,,,,,,,
89,,9360467,1,20261003,840,47,4,0,0,0,0,0,22,1,0,0,0,0,0,3,202610030840,32.67691003052576,131.36226,,,,,,,,,,,,
89,,9360470,1,20261003,840,30,0,0,0,0,0,0,25,1,0,0,0,0,0,3,202610030840,32.587591030391636,131.509484,,,,,,,,,,,,
90,,10110010,1,20261003,840,76,5,0,0,0,0,0,40,6,0,0,0,0,0,3,202610030840,26.525846020561954,127.924665,,,,,,,,,,,,
90,,10110030,1,20261003,840,138,14,0,0,0,0,0,135,9,0,0,0,0,0,3,202610030840,26.27496950463181,127.741287946701,,,,,,,,,,,,
90,,10110040,1,20261003,840,32,0,0,0,0,0,0,44,2,0,0,0,0,0,3,202610030840,26.47501802047749,127.955092,,,,,,,,,,,,
90,,10110060,1,20261003,840,71,12,0,0,0,0,0,63,8,0,0,0,0,0,3,202610030840,26.28023651673024,127.81364321708601,,,,,,,,,,,,
90,,10110070,1,20261003,840,64,10,0,0,0,0,0,64,10,0,0,0,0,0,3,202610030840,26.200277295979053,127.66189455985999,,,,,,,,,,,,
90,,10110090,1,20261003,840,106,6,0,0,0,0,0,95,8,0,0,0,0,0,3,202610030840,26.1754430532393,127.706499695777,,,,,,,,,,,,
81,02,1810010,1,20261003,840,28,1,0,,,,,0,0,0,,,,,3,202610030840,41.996809040234545,140.63609,,,0,0,0,0,0,0,0,0,0,0
81,02,1810020,1,20261003,840,29,7,0,,,,,28,12,0,,,,,3,202610030840,42.079752040271956,140.596961,,,0,0,0,0,0,0,0,0,0,0
81,02,1810030,1,20261003,840,,,,,,,,,,,,,,,3,202610030840,42.18194404031664,140.438889,,,1,0,0,0,0,0,0,0,0,0
81,02,1810040,1,20261003,840,39,6,0,,,,,35,18,0,,,,,3,202610030840,42.21583304033111,140.385,,,0,0,0,0,0,0,0,0,0,0
81,02,1810050,1,20261003,840,15,3,0,,,,,21,5,0,,,,,3,202610030840,42.29972204036625,140.271667,,,0,0,0,0,0,0,0,0,0,0
81,03,1810060,1,20261003,840,8,1,0,,,,,9,1,0,,,,,3,202610030840,42.70250004052043,140.42222,,,0,0,0,0,0,0,0,0,0,0
81,03,1810070,1,20261003,840,7,0,0,,,,,5,2,0,,,,,3,202610030840,42.805277040555936,140.52666,,,0,0,0,0,0,0,0,0,0,0
81,03,1810080,1,20261003,840,,,,,,,,,,,,,,,3,202610030840,42.79952604055398,140.700552,,,0,0,0,0,0,0,0,0,0,1
81,03,1810100,1,20261003,840,25,7,0,,,,,34,0,0,,,,,3,202610030840,43.037777040630445,140.678611,,,0,0,0,0,0,0,0,0,0,0
81,03,1810110,1,20261003,840,36,3,0,,,,,37,4,0,,,,,3,202610030840,43.20720804067966,140.975798,,,0,0,0,0,0,0,0,0,0,0
81,03,1810120,1,20261003,840,94,8,0,,,,,60,9,0,,,,,3,202610030840,43.177556040671355,141.041001,,,0,0,0,0,0,0,0,0,0,0
81,02,1810130,1,20261003,840,69,6,0,,,,,53,7,0,,,,,3,202610030840,41.88166704018098,140.720833,,,0,0,0,0,0,0,0,0,0,0
81,02,1810140,1,20261003,840,30,2,0,,,,,43,4,0,,,,,3,202610030840,41.922053040199984,140.673037,,,0,0,0,0,0,0,0,0,0,0
81,01,1810160,1,20261003,840,24,2,0,,,,,22,1,0,,,,,3,202610030840,43.575214040771755,141.936064,,,0,0,0,0,0,0,0,0,0,0
81,04,1810180,1,20261003,840,46,7,0,,,,,44,6,0,,,,,3,202610030840,43.75523899023857,142.273832256632,,,0,0,0,0,0,0,0,0,0,0
81,01,1810200,1,20261003,840,,,,,,,,,,,,,,,3,202610030840,42.92800104059627,141.532244,,,1,0,0,0,0,0,0,0,0,0
81,01,1810210,1,20261003,840,74,8,0,,,,,27,3,0,,,,,3,202610030840,42.86212604057491,141.599922,,,0,0,0,0,0,0,0,0,0,0
81,05,1810220,1,20261003,840,,,,,,,,,,,,,,,3,202610030840,42.736385040532305,141.709144,,,1,0,0,0,0,0,0,0,0,0
81,05,1810240,1,20261003,840,50,9,0,,,,,27,5,0,,,,,3,202610030840,42.44474904042452,141.159993,,,0,0,0,0,0,0,0,0,0,0
81,05,1810250,1,20261003,840,57,3,0,,,,,46,2,0,,,,,3,202610030840,42.32896604037825,140.996368,,,0,0,0,0,0,0,0,0,0,0
81,02,1810260,1,20261003,840,13,2,0,,,,,13,1,0,,,,,3,202610030840,42.59861104048294,140.461667,,,0,0,0,0,0,0,0,0,0,0
81,05,1810270,1,20261003,840,4,1,0,,,,,19,3,0,,,,,3,202610030840,42.59319704048096,140.520753,,,0,0,0,0,0,0,0,0,0,0
81,05,1810280,1,20261003,840,4,1,0,,,,,21,4,0,,,,,3,202610030840,42.59372804048115,140.535945,,,0,0,0,0,0,0,0,0,0,0
81,05,1810290,1,20261003,840,0,0,0,,,,,24,2,0,,,,,3,202610030840,42.56267604046962,140.742626,,,0,0,0,0,0,0,0,0,0,0
81,01,1810310,1,20261003,840,,,,,,,,,,,,,,,3,202610030840,43.57408404077149,141.983838,,,1,,,,,,,,,
81,01,1810320,1,20261003,840,,,,,,,,,,,,,,,3,202610030840,43.47080004074768,142.266721,,,1,,,,,,,,,
81,04,1810350,1,20261003,840,6,3,0,,,,,12,3,0,,,,,3,202610030840,43.197272411385796,142.57548514343702,,,0,0,0,0,0,0,0,0,0,0
81,07,1810360,1,20261003,840,,,,,,,,,,,,,,,3,202610030840,43.15712704066555,142.786825,,,0,0,0,0,0,0,0,0,0,1
81,07,1810370,1,20261003,840,15,5,0,,,,,12,3,0,,,,,3,202610030840,42.814306040558975,143.51125,,,0,0,0,0,0,0,0,0,0,0
81,07,1810380,1,20261003,840,,,,,,,,,,,,,,,3,202610030840,42.82083104056116,143.71063,,,1,0,0,0,0,0,0,0,0,0
81,06,1810390,1,20261003,840,,,,,,,,,,,,,,,3,202610030840,42.86448904057567,143.874907,,,1,0,0,0,0,0,0,0,0,0
81,06,1810400,1,20261003,840,28,5,0,,,,,6,2,0,,,,,3,202610030840,43.00508004062045,144.254672,,,0,0,0,0,0,0,0,0,0,0
81,06,1810410,1,20261003,840,,,,,,,,,,,,,,,3,202610030840,43.0195510406249,144.257695,,,1,0,0,0,0,0,0,0,0,0
81,06,1810420,1,20261003,840,45,0,0,,,,,48,2,0,,,,,3,202610030840,43.00768404062126,144.364725,,,0,0,0,0,0,0,0,0,0,0
81,04,1810430,1,20261003,840,11,2,0,,,,,12,3,0,,,,,3,202610030840,43.89533772001418,142.522262332469,,,0,0,0,0,0,0,0,0,0,0
81,08,1810460,1,20261003,840,18,5,0,,,,,22,4,0,,,,,3,202610030840,43.88484504083343,144.001818,,,0,0,0,0,0,0,0,0,0,0
81,08,1810480,1,20261003,840,,,,,,,,,,,,,,,3,202610030840,43.91366204083846,144.156572,,,1,0,0,0,0,0,0,0,0,1
81,04,1810490,1,20261003,840,25,3,0,,,,,23,6,0,,,,,3,202610030840,43.84734151228824,142.449476813803,,,0,0,0,0,0,0,0,0,0,0
81,04,1810500,1,20261003,840,21,1,0,,,,,9,2,0,,,,,3,202610030840,44.091634905591874,142.391293207353,,,0,0,0,0,0,0,0,0,0,0
81,04,1810510,1,20261003,840,7,1,0,,,,,2,1,0,,,,,3,202610030840,44.70483751674948,142.274019195489,,,0,0,0,0,0,0,0,0,0,0
81,04,1810520,1,20261003,840,0,0,0,,,,,2,0,0,,,,,3,202610030840,44.72277804092767,142.249444,,,0,0,0,0,0,0,0,0,0,0
81,09,1810530,1,20261003,840,7,2,0,,,,,1,2,0,,,,,3,202610030840,44.89642004093388,141.953541,,,0,0,0,0,0,0,0,0,0,0
81,10,1810540,1,20261003,840,0,0,0,,,,,0,0,0,,,,,3,202610030840,45.02095404093553,141.771843,,,0,0,0,0,0,0,0,0,0,0
81,10,1810550,1,20261003,840,1,0,0,,,,,6,0,0,,,,,3,202610030840,45.1450290409348,141.751626,,,0,0,0,0,0,0,0,0,0,0
81,10,1810560,1,20261003,840,,,,,,,,,,,,,,,3,202610030840,45.22646604093306,141.745387,,,1,,,,,,,,,
81,10,1810570,1,20261003,840,1,0,0,,,,,8,0,0,,,,,3,202610030840,45.11301904093522,141.794418,,,0,0,0,0,0,0,0,0,0,0
81,06,1810580,1,20261003,840,24,3,0,,,,,37,3,0,,,,,3,202610030840,42.9878210406151,144.393418,,,0,0,0,0,0,0,0,0,0,0
81,06,1810590,1,20261003,840,,,,,,,,,,,,,,,3,202610030840,43.05774504063647,144.791279,,,1,0,0,0,0,0,0,0,0,0
81,06,1810600,1,20261003,840,33,5,0,,,,,24,5,0,,,,,3,202610030840,43.05804004063655,144.830749,,,0,0,0,0,0,0,0,0,0,0
81,06,1810610,1,20261003,840,,,,,,,,,,,,,,,3,202610030840,43.282406040700124,145.50731400000004,,,1,0,0,0,0,0,0,0,0,0
81,02,1810620,1,20261003,840,9,2,0,,,,,12,0,0,,,,,3,202610030840,41.95083004021339,140.45583300000004,,,0,0,0,0,0,0,0,0,0,0
81,02,1810630,1,20261003,840,20,2,0,,,,,6,2,0,,,,,3,202610030840,41.77072204012754,140.613139,,,0,0,0,0,0,0,0,0,0,0
81,02,1810640,1,20261003,840,,,,,,,,,,,,,,,3,202610030840,41.666445040075686,140.434972,,,1,0,0,0,0,0,0,0,0,0
81,02,1810650,1,20261003,840,22,3,0,,,,,9,1,0,,,,,3,202610030840,41.624898040054596,140.429715,,,0,0,0,0,0,0,0,0,0,0
81,02,1810660,1,20261003,840,9,0,0,,,,,4,0,0,,,,,3,202610030840,41.49941703998935,140.249306,,,0,0,0,0,0,0,0,0,0,0
81,02,1810670,1,20261003,840,,,,,,,,,,,,,,,3,202610030840,41.40202103993715,140.185625,,,1,0,0,0,0,0,0,0,0,0
81,02,1810680,1,20261003,840,5,0,0,,,,,8,0,0,,,,,3,202610030840,41.43166703995318,140.128056,,,0,0,0,0,0,0,0,0,0,0
81,02,1810690,1,20261003,840,2,0,0,,,,,1,0,0,,,,,3,202610030840,41.71166704009836,140.027778,,,0,0,0,0,0,0,0,0,0,0
81,02,1810700,1,20261003,840,3,3,0,,,,,20,3,0,,,,,3,202610030840,41.84777804016484,140.12472200000002,,,0,0,0,0,0,0,0,0,0,0
81,02,1810710,1,20261003,840,,,,,,,,,,,,,,,3,202610030840,41.84277804016245,140.732222,,,1,0,0,0,0,0,0,0,0,0
81,02,1810720,1,20261003,840,,,,,,,,,,,,,,,3,202610030840,41.83613904015928,140.64875,,,1,0,0,0,0,0,0,0,0,0
81,02,1810730,1,20261003,840,,,,,,,,,,,,,,,3,202610030840,41.78055604013235,140.61055600000003,,,1,0,0,0,0,0,0,0,0,0
81,03,1810750,1,20261003,840,11,2,0,,,,,6,0,0,,,,,3,202610030840,43.2287050406856,140.73446400000003,,,0,0,0,0,0,0,0,0,0,0
81,03,1810760,1,20261003,840,5,1,0,,,,,4,0,0,,,,,3,202610030840,43.280277040699566,140.6375,,,0,0,0,0,0,0,0,0,0,0
81,03,1810780,1,20261003,840,3,1,0,,,,,3,1,0,,,,,3,202610030840,43.328914040712355,140.422613,,,0,0,0,0,0,0,0,0,0,0
81,03,1810790,1,20261003,840,,,,,,,,,,,,,,,3,202610030840,43.19878704067732,140.346959,,,1,0,0,0,0,0,0,0,0,0
81,03,1810800,1,20261003,840,5,0,0,,,,,5,1,0,,,,,3,202610030840,43.04480504063257,140.505833,,,0,0,0,0,0,0,0,0,0,0
81,03,1810810,1,20261003,840,,,,,,,,,,,,,,,3,202610030840,43.02277704062587,140.548333,,,1,,,,,,,,,
81,03,1810820,1,20261003,840,15,4,0,,,,,22,7,0,,,,,3,202610030840,42.99750304061811,140.538303,,,0,0,0,0,0,0,0,0,0,0
81,03,1810830,1,20261003,840,,,,,,,,,,,,,,,3,202610030840,42.981000040613,140.511333,,,1,0,0,0,0,0,0,0,0,0
81,03,1810840,1,20261003,840,12,3,0,,,,,0,0,0,,,,,3,202610030840,42.93163404059743,140.409415,,,0,0,0,0,0,0,0,0,0,0
81,03,1810850,1,20261003,840,11,3,0,,,,,8,2,0,,,,,3,202610030840,42.83094404056455,140.308974,,,0,0,0,0,0,0,0,0,0,0
81,03,1810860,1,20261003,840,0,0,0,,,,,4,1,0,,,,,3,202610030840,42.818297040560324,140.184051,,,0,0,0,0,0,0,0,0,0,0
81,03,1810870,1,20261003,840,0,0,0,,,,,1,0,0,,,,,3,202610030840,42.68444404051404,139.919444,,,0,0,0,0,0,0,0,0,0,0
81,02,1810880,1,20261003,840,,,,,,,,,,,,,,,3,202610030840,42.57583304047453,139.832222,,,1,0,0,0,0,0,0,0,0,0
81,02,1810890,1,20261003,840,,,,,,,,,,,,,,,3,202610030840,42.17250004031257,139.899444,,,1,0,0,0,0,0,0,0,0,0
81,02,1810900,1,20261003,840,,,,,,,,,,,,,,,3,202610030840,42.21750004033183,139.868333,,,1,0,0,0,0,0,0,0,0,0
81,02,1810910,1,20261003,840,4,0,0,,,,,3,0,0,,,,,3,202610030840,42.11918804028937,140.016837,,,0,0,0,0,0,0,0,0,0,0
81,02,1810920,1,20261003,840,,,,,,,,,,,,,,,3,202610030840,41.97324904022374,140.139624,,,1,0,0,0,0,0,0,0,0,0
81,01,1810940,1,20261003,840,67,2,0,,,,,65,6,0,,,,,3,202610030840,43.001256040619275,141.339621,,,0,0,0,0,0,0,0,0,0,0
81,01,1810950,1,20261003,840,,,,,,,,,,,,,,,3,202610030840,42.999192040618645,141.337588,,,1,0,0,0,0,0,0,0,0,0
81,01,1810960,1,20261003,840,14,0,0,,,,,56,2,0,,,,,3,202610030840,42.9536270406044,141.151206,,,0,0,0,0,0,0,0,0,0,0
81,01,1810970,1,20261003,840,,,,,,,,,,,,,,,3,202610030840,42.883263040581824,141.139985,,,1,,,,,,,,,
81,03,1810980,1,20261003,840,8,0,0,,,,,11,1,0,,,,,3,202610030840,42.69444404051758,140.839722,,,0,0,0,0,0,0,0,0,0,0
81,01,1811010,1,20261003,840,,,,,,,,,,,,,,,3,202610030840,43.161847040666906,141.353771,,,1,0,0,0,0,0,0,0,0,0
81,01,1811020,1,20261003,840,,,,,,,,,,,,,,,3,202610030840,43.183375040672985,141.323859,,,1,0,0,0,0,0,0,0,0,0
81,01,1811030,1,20261003,840,,,,,,,,,,,,,,,3,202610030840,43.22320404068409,141.345058,,,1,0,0,0,0,0,0,0,0,0
81,01,1811040,1,20261003,840,4,0,0,,,,,7,0,0,,,,,3,202610030840,43.39904804073019,141.436259,,,0,0,0,0,0,0,0,0,0,0
81,09,1811050,1,20261003,840,,,,,,,,,,,,,,,3,202610030840,43.75429004080918,141.350733,,,1,0,0,0,0,0,0,0,0,0
81,09,1811060,1,20261003,840,,,,,,,,,,,,,,,3,202610030840,44.96648604093511,141.761931,,,1,0,0,0,0,0,0,0,0,0
81,09,1811080,1,20261003,840,,,,,,,,,,,,,,,3,202610030840,44.80492204093118,141.785854,,,1,0,0,0,0,0,0,0,0,0
81,09,1811090,1,20261003,840,,,,,,,,,,,,,,,3,202610030840,44.64226604092325,141.79398,,,1,0,0,0,0,0,0,0,0,0
81,09,1811110,1,20261003,840,,,,,,,,,,,,,,,3,202610030840,44.37405804090138,141.71125400000003,,,1,0,0,0,0,0,0,0,0,0
81,09,1811120,1,20261003,840,7,2,0,,,,,14,2,0,,,,,3,202610030840,44.255796040888285,141.656338,,,0,0,0,0,0,0,0,0,0,0
81,09,1811130,1,20261003,840,,,,,,,,,,,,,,,3,202610030840,44.07063104086351,141.663029,,,1,0,0,0,0,0,0,0,0,0
81,09,1811150,1,20261003,840,9,2,0,,,,,15,1,0,,,,,3,202610030840,43.94678404084405,141.651833,,,0,0,0,0,0,0,0,0,0,0
81,09,1811160,1,20261003,840,,,,,,,,,,,,,,,3,202610030840,43.832161040823955,141.829941,,,1,0,0,0,0,0,0,0,0,0
81,09,1811170,1,20261003,840,,,,,,,,,,,,,,,3,202610030840,43.849231040827085,141.814442,,,1,0,0,0,0,0,0,0,0,0
81,09,1811180,1,20261003,840,5,0,0,,,,,3,0,0,,,,,3,202610030840,43.874433040831605,141.738524,,,0,0,0,0,0,0,0,0,0,0
81,09,1811190,1,20261003,840,,,,,,,,,,,,,,,3,202610030840,43.91902504083936,141.685028,,,1,0,0,0,0,0,0,0,0,0
81,09,1811200,1,20261003,840,20,1,0,,,,,13,1,0,,,,,3,202610030840,43.887433040833905,141.711544,,,0,0,0,0,0,0,0,0,0,0
81,01,1811210,1,20261003,840,,,,,,,,,,,,,,,3,202610030840,43.19164404067532,141.764248,,,1,,,,,,,,,
81,01,1811220,1,20261003,840,,,,,,,,,,,,,,,3,202610030840,42.898883040586895,141.813884,,,1,0,0,0,0,0,0,0,0,0
81,05,1811230,1,20261003,840,17,7,0,,,,,10,4,0,,,,,3,202610030840,42.885113040582425,141.812065,,,0,0,0,0,0,0,0,0,0,0
81,05,1811240,1,20261003,840,,,,,,,,,,,,,,,3,202610030840,42.76319504054159,141.812586,,,1,0,0,0,0,0,0,0,0,0
81,05,1811250,1,20261003,840,,,,,,,,,,,,,,,3,202610030840,42.55317704046606,141.981715,,,1,0,0,0,0,0,0,0,0,0
81,05,1811260,1,20261003,840,24,4,0,,,,,18,2,0,,,,,3,202610030840,42.16916704031112,142.768611,,,0,0,0,0,0,0,0,0,0,0
81,05,1811270,1,20261003,840,42,8,0,,,,,15,3,0,,,,,3,202610030840,42.50615204044825,142.070834,,,0,0,0,0,0,0,0,0,0,0
81,07,1811280,1,20261003,840,4,2,0,,,,,0,0,0,,,,,3,202610030840,42.58422604047764,143.30053,,,0,0,0,0,0,0,0,0,0,0
81,07,1811290,1,20261003,840,4,0,0,,,,,2,2,0,,,,,3,202610030840,42.3768230403976,143.061454,,,0,0,0,0,0,0,0,0,0,0
81,04,1811320,1,20261003,840,21,1,0,,,,,19,13,0,,,,,3,202610030840,43.60527804077837,142.469167,,,0,0,0,0,0,0,0,0,0,0
81,04,1811330,1,20261003,840,28,2,0,,,,,18,8,0,,,,,3,202610030840,43.560996966472565,142.4353437615,,,0,0,0,0,0,0,0,0,0,0
81,08,1811370,1,20261003,840,3,0,0,,,,,2,1,0,,,,,3,202610030840,44.09975304086775,143.867897,,,0,0,0,0,0,0,0,0,0,0
81,08,1811380,1,20261003,840,,,,,,,,,,,,,,,3,202610030840,44.12070404087072,143.72058,,,0,0,0,0,0,0,0,0,0,1
81,08,1811390,1,20261003,840,11,4,0,,,,,12,3,0,,,,,3,202610030840,44.364948040900465,143.334896,,,0,0,0,0,0,0,0,0,0,0
81,10,1811400,1,20261003,840,,,,,,,,,,,,,,,3,202610030840,44.77764204093013,142.721902,,,1,0,0,0,0,0,0,0,0,0
81,10,1811410,1,20261003,840,2,1,0,,,,,9,1,0,,,,,3,202610030840,45.361691040927944,142.122166,,,0,0,0,0,0,0,0,0,0,0
81,10,1811420,1,20261003,840,0,0,0,,,,,12,3,0,,,,,3,202610030840,45.43710504092389,141.862347,,,0,0,0,0,0,0,0,0,0,0
81,08,1811430,1,20261003,840,2,0,0,,,,,4,0,0,,,,,3,202610030840,44.40500204090447,143.017708,,,0,0,0,0,0,0,0,0,0,0
81,04,1811440,1,20261003,840,1,0,0,,,,,2,0,0,,,,,3,202610030840,44.31599186248862,142.78318613417,,,0,0,0,0,0,0,0,0,0,0
81,04,1811450,1,20261003,840,2,1,0,,,,,5,1,0,,,,,3,202610030840,44.18218514890566,142.3067879962,,,0,0,0,0,0,0,0,0,0,0
81,09,1811460,1,20261003,840,,,,,,,,,,,,,,,3,202610030840,44.20144804088155,142.034387,,,1,0,0,0,0,0,0,0,0,0
81,06,1811490,1,20261003,840,,,,,,,,,,,,,,,3,202610030840,43.28312104070033,144.106479,,,1,0,0,0,0,0,0,0,0,0
81,06,1811500,1,20261003,840,5,2,0,,,,,0,0,0,,,,,3,202610030840,43.45847504074473,144.008366,,,0,0,0,0,0,0,0,0,0,0
81,08,1811520,1,20261003,840,18,2,0,,,,,14,2,0,,,,,3,202610030840,44.16231304087643,143.57881,,,0,0,0,0,0,0,0,0,0,0
81,08,1811530,1,20261003,840,10,2,0,,,,,23,6,0,,,,,3,202610030840,44.13401504087257,143.561357,,,0,0,0,0,0,0,0,0,0,0
81,08,1811540,1,20261003,840,,,,,,,,,,,,,,,3,202610030840,43.81153304082013,143.553741,,,1,0,0,0,0,0,0,0,0,0
81,07,1811550,1,20261003,840,0,0,0,,,,,2,2,0,,,,,3,202610030840,43.614803040780444,143.623559,,,0,0,0,0,0,0,0,0,0,0
81,07,1811560,1,20261003,840,6,2,0,,,,,14,5,0,,,,,3,202610030840,42.950446040603396,143.426823,,,0,0,0,0,0,0,0,0,0,0
81,07,1811570,1,20261003,840,0,0,0,,,,,34,4,0,,,,,3,202610030840,42.91920004059345,143.382799,,,0,0,0,0,0,0,0,0,0,0
81,06,1811580,1,20261003,840,0,0,0,,,,,5,0,0,,,,,3,202610030840,43.65168204078832,144.260814,,,0,0,0,0,0,0,0,0,0,0
81,06,1811590,1,20261003,840,4,1,0,,,,,6,0,0,,,,,3,202610030840,43.48222204075039,144.542778,,,0,0,0,0,0,0,0,0,0,0
81,06,1811600,1,20261003,840,6,1,0,,,,,2,2,0,,,,,3,202610030840,43.415912040734376,144.740463,,,0,0,0,0,0,0,0,0,0,0
81,08,1811610,1,20261003,840,20,7,0,,,,,24,2,0,,,,,3,202610030840,43.96614504084723,144.326697,,,0,0,0,0,0,0,0,0,0,0
81,08,1811620,1,20261003,840,13,1,0,,,,,10,0,0,,,,,3,202610030840,43.91012304083783,144.542023,,,0,0,0,0,0,0,0,0,0,0
81,08,1811630,1,20261003,840,,,,,,,,,,,,,,,3,202610030840,43.888827040834144,144.736391,,,1,0,0,0,0,0,0,0,0,0
81,06,1811640,1,20261003,840,2,1,0,,,,,1,0,0,,,,,3,202610030840,43.73179504080475,144.960789,,,0,0,0,0,0,0,0,0,0,0
81,06,1811650,1,20261003,840,3,0,0,,,,,4,1,0,,,,,3,202610030840,43.69435704079721,145.112266,,,0,0,0,0,0,0,0,0,0,0
81,06,1811660,1,20261003,840,,,,,,,,,,,,,,,3,202610030840,43.37687304072465,145.283748,,,1,0,0,0,0,0,0,0,0,0
81,06,1811670,1,20261003,840,29,2,0,,,,,12,5,0,,,,,3,202610030840,43.225599040684756,144.69552000000002,,,0,0,0,0,0,0,0,0,0,0
81,06,1811680,1,20261003,840,10,0,0,,,,,5,0,0,,,,,3,202610030840,43.384169040726476,144.866826,,,0,0,0,0,0,0,0,0,0,0
81,06,1811690,1,20261003,840,,,,,,,,,,,,,,,3,202610030840,43.60985404077937,145.077277,,,1,0,0,0,0,0,0,0,0,0
81,07,1811700,1,20261003,840,5,2,0,,,,,8,1,0,,,,,3,202610030840,43.353586040718724,143.261308,,,0,0,0,0,0,0,0,0,0,0
81,07,1811710,1,20261003,840,7,0,0,,,,,5,1,0,,,,,3,202610030840,43.571286040770886,143.120781,,,0,0,0,0,0,0,0,0,0,0
81,04,1811730,1,20261003,840,6,0,0,,,,,4,2,0,,,,,3,202610030840,43.909246029716684,142.97348513542,,,0,0,0,0,0,0,0,0,0,0
81,04,1811740,1,20261003,840,3,1,0,,,,,2,0,0,,,,,3,202610030840,43.9388162846136,142.945802727953,,,0,0,0,0,0,0,0,0,0,0
81,01,1811750,1,20261003,840,21,5,0,,,,,39,3,0,,,,,3,202610030840,42.98946404061562,141.609539,,,0,0,0,0,0,0,0,0,0,0
81,01,1811760,1,20261003,840,17,3,0,,,,,17,3,0,,,,,3,202610030840,42.94269504060095,141.76061,,,0,0,0,0,0,0,0,0,0,0
81,01,1811770,1,20261003,840,14,0,0,,,,,12,0,0,,,,,3,202610030840,42.950353040603375,141.802672,,,0,0,0,0,0,0,0,0,0,0
81,01,1811780,1,20261003,840,,,,,,,,,,,,,,,3,202610030840,42.91325204059154,141.966963,,,1,0,0,0,0,0,0,0,0,0
81,01,1811790,1,20261003,840,,,,,,,,,,,,,,,3,202610030840,42.92852504059643,142.063994,,,1,0,0,0,0,0,0,0,0,0
81,05,1811800,1,20261003,840,7,2,0,,,,,11,3,0,,,,,3,202610030840,42.9641030406077,142.63981100000004,,,0,0,0,0,0,0,0,0,0,0
81,01,1811810,1,20261003,840,37,6,0,,,,,21,4,0,,,,,3,202610030840,43.18243804067272,141.523454,,,0,0,0,0,0,0,0,0,0,0
81,01,1811830,1,20261003,840,10,6,0,,,,,9,1,0,,,,,3,202610030840,43.54600104076516,141.884426,,,0,0,0,0,0,0,0,0,0,0
81,01,1811840,1,20261003,840,7,0,0,,,,,12,0,0,,,,,3,202610030840,43.71586004080156,141.885874,,,0,0,0,0,0,0,0,0,0,0
81,01,1811850,1,20261003,840,14,3,0,,,,,3,0,0,,,,,3,202610030840,43.76892104081203,141.884179,,,0,0,0,0,0,0,0,0,0,0
81,01,1811860,1,20261003,840,4,0,0,,,,,6,1,0,,,,,3,202610030840,43.80589304081908,141.905599,,,0,0,0,0,0,0,0,0,0,0
81,01,1811870,1,20261003,840,3,1,0,,,,,0,0,0,,,,,3,202610030840,43.917356040839074,142.125632,,,0,0,0,0,0,0,0,0,0,0
81,04,1811880,1,20261003,840,2,0,0,,,,,6,1,0,,,,,3,202610030840,44.74113379582216,142.253439072174,,,0,0,0,0,0,0,0,0,0,0
81,10,1811890,1,20261003,840,2,0,0,,,,,1,0,0,,,,,3,202610030840,44.820303040931734,142.284138,,,0,0,0,0,0,0,0,0,0,0
81,10,1811900,1,20261003,840,,,,,,,,,,,,,,,3,202610030840,45.044884040935564,142.315271,,,1,0,0,0,0,0,0,0,0,1
81,10,1811910,1,20261003,840,6,1,0,,,,,2,3,0,,,,,3,202610030840,45.10820204093526,142.363773,,,0,0,0,0,0,0,0,0,0,0
81,03,1811920,1,20261003,840,,,,,,,,,,,,,,,3,202610030840,42.98635304061466,140.606197,,,1,0,0,0,0,0,0,0,0,0
81,03,1811930,1,20261003,840,10,6,0,,,,,3,4,0,,,,,3,202610030840,42.88083304058103,140.878055,,,0,0,0,0,0,0,0,0,0,0
81,03,1811940,1,20261003,840,4,1,0,,,,,4,5,0,,,,,3,202610030840,42.80440904055563,140.891961,,,0,0,0,0,0,0,0,0,0,0
81,03,1811950,1,20261003,840,,,,,,,,,,,,,,,3,202610030840,42.75773904053971,141.013347,,,0,0,0,0,0,0,0,0,0,1
81,01,1811980,1,20261003,840,,,,,,,,,,,,,,,3,202610030840,42.71955604052643,141.252074,,,1,0,0,0,0,0,0,0,0,0
81,01,1811990,1,20261003,840,12,4,0,,,,,14,4,0,,,,,3,202610030840,42.74221004053433,141.402953,,,0,0,0,0,0,0,0,0,0,0
81,02,1812000,1,20261003,840,1,0,0,,,,,2,0,0,,,,,3,202610030840,42.1695560403113,140.052167,,,0,0,0,0,0,0,0,0,0,0
81,02,1812010,1,20261003,840,19,0,0,,,,,15,8,0,,,,,3,202610030840,41.76194404012323,140.856944,,,0,0,0,0,0,0,0,0,0,0
81,02,1812020,1,20261003,840,9,0,0,,,,,3,0,0,,,,,3,202610030840,41.714722040099886,140.9975,,,0,0,0,0,0,0,0,0,0,0
81,02,1812030,1,20261003,840,,,,,,,,,,,,,,,3,202610030840,41.87888904017965,141.092222,,,1,0,0,0,0,0,0,0,0,0
81,02,1812040,1,20261003,840,8,1,0,,,,,3,0,0,,,,,3,202610030840,41.9566670402161,140.928611,,,0,0,0,0,0,0,0,0,0,0
81,02,1812050,1,20261003,840,,,,,,,,,,,,,,,3,202610030840,42.013056040241956,140.853611,,,1,0,0,0,0,0,0,0,0,0
81,02,1812060,1,20261003,840,5,1,0,,,,,1,0,0,,,,,3,202610030840,42.042500040255284,140.813056,,,0,0,0,0,0,0,0,0,0,0
81,02,1812070,1,20261003,840,6,2,0,,,,,10,2,0,,,,,3,202610030840,42.12805604029326,140.711389,,,0,0,0,0,0,0,0,0,0,0
81,02,1812080,1,20261003,840,10,4,0,,,,,13,2,0,,,,,3,202610030840,42.118611040289125,140.632778,,,0,0,0,0,0,0,0,0,0,0
81,06,1812090,1,20261003,840,0,0,0,,,,,21,6,0,,,,,3,202610030840,43.89994004083609,145.099582,,,0,0,0,0,0,0,0,0,0,0
81,05,1812130,1,20261003,840,1,0,0,,,,,2,0,0,,,,,3,202610030840,42.02778604024864,143.231184,,,0,0,0,0,0,0,0,0,0,0
81,07,1812150,1,20261003,840,1,0,0,,,,,3,0,0,,,,,3,202610030840,42.16205004030805,143.324722,,,0,0,0,0,0,0,0,0,0,0
81,07,1812160,1,20261003,840,4,0,0,,,,,14,0,0,,,,,3,202610030840,42.28181504035883,143.31818,,,0,0,0,0,0,0,0,0,0,0
81,07,1812170,1,20261003,840,9,0,0,,,,,15,1,0,,,,,3,202610030840,42.31167504037117,143.321422,,,0,0,0,0,0,0,0,0,0,0
81,07,1812180,1,20261003,840,2,1,0,,,,,1,0,0,,,,,3,202610030840,42.68446104051403,143.603341,,,0,0,0,0,0,0,0,0,0,0
81,07,1812190,1,20261003,840,0,0,0,,,,,4,1,0,,,,,3,202610030840,42.69525004051786,143.616062,,,0,0,0,0,0,0,0,0,0,0
81,07,1812200,1,20261003,840,7,3,0,,,,,0,1,0,,,,,3,202610030840,42.74125304053399,143.631419,,,0,0,0,0,0,0,0,0,0,0
81,01,1812210,1,20261003,840,3,0,0,,,,,1,0,0,,,,,3,202610030840,42.85600604057288,141.704289,,,0,0,0,0,0,0,0,0,0,0
81,01,1812220,1,20261003,840,,,,,,,,,,,,,,,3,202610030840,42.969962040609545,141.672998,,,1,0,0,0,0,0,0,0,0,0
81,01,1812230,1,20261003,840,,,,,,,,,,,,,,,3,202610030840,43.02096904062534,141.663755,,,1,0,0,0,0,0,0,0,0,0
81,03,1812240,1,20261003,840,33,6,0,,,,,27,10,0,,,,,3,202610030840,43.14450004066195,141.187805,,,0,0,0,0,0,0,0,0,0,0
81,06,1812250,1,20261003,840,4,2,0,,,,,3,1,0,,,,,3,202610030840,43.68733204079576,144.466438,,,0,0,0,0,0,0,0,0,0,0
81,03,1812260,1,20261003,840,,,,,,,,,,,,,,,3,202610030840,42.99111104061613,140.875833,,,1,0,0,0,0,0,0,0,0,0
81,04,1812290,1,20261003,840,24,7,0,,,,,12,1,0,,,,,3,202610030840,43.85258742603739,142.702731203374,,,0,0,0,0,0,0,0,0,0,0
81,01,1812300,1,20261003,840,0,0,0,,,,,4,0,0,,,,,3,202610030840,43.578650040772516,141.414894,,,0,0,0,0,0,0,0,0,0,0
81,01,1812310,1,20261003,840,2,0,0,,,,,0,0,0,,,,,3,202610030840,43.548241040765674,141.621516,,,0,0,0,0,0,0,0,0,0,0
81,01,1812320,1,20261003,840,4,0,0,,,,,0,1,0,,,,,3,202610030840,43.542762040764444,141.638006,,,0,0,0,0,0,0,0,0,0,0
81,01,1812330,1,20261003,840,20,2,0,,,,,30,2,0,,,,,3,202610030840,43.55901004076813,141.903362,,,0,0,0,0,0,0,0,0,0,0
81,01,1812340,1,20261003,840,4,2,0,,,,,3,0,0,,,,,3,202610030840,42.995832040617586,142.00991,,,0,0,0,0,0,0,0,0,0,0
81,01,1812350,1,20261003,840,37,3,0,,,,,68,2,0,,,,,3,202610030840,42.979904040612645,141.346302,,,0,0,0,0,0,0,0,0,0,0
81,01,1812370,1,20261003,840,4,0,0,,,,,10,2,0,,,,,3,202610030840,42.83639604056636,141.300884,,,0,0,0,0,0,0,0,0,0,0
81,01,1812380,1,20261003,840,5,0,0,,,,,15,0,0,,,,,3,202610030840,42.80255304055502,141.327921,,,0,0,0,0,0,0,0,0,0,0
82,,2810010,1,20261003,840,,,,,,,,,,,,,,,3,202610030840,37.18051903644227,140.286944,,,1,,,,0,,,,,
82,,2810030,1,20261003,840,27,6,0,,,,,28,5,0,,,,,3,202610030840,37.862598037160126,140.528175,,,0,,,,0,,,,,
82,,2810180,1,20261003,840,,,,,,,,,,,,,,,3,202610030840,38.89166803813703,141.115835,,,1,,,,0,,,,,
82,,2810190,1,20261003,840,,,,,,,,,,,,,,,3,202610030840,39.03166703825964,141.1175,,,1,,,,0,,,,,
82,,2810200,1,20261003,840,,,,,,,,,,,,,,,3,202610030840,39.0450020382712,141.129544,,,1,,,,0,,,,,
82,,2810220,1,20261003,840,55,8,0,,,,,66,4,0,,,,,3,202610030840,39.29444503848296,141.105556,,,0,,,,0,,,,,
82,,2810230,1,20261003,840,,,,,,,,,,,,,,,3,202610030840,39.344446038524424,141.106946,,,1,,,,0,,,,,
82,,2810240,1,20261003,840,,,,,,,,,,,,,,,3,202610030840,39.651946038772245,141.164724,,,1,,,,0,,,,,
82,,2810250,1,20261003,840,,,,,,,,,,,,,,,3,202610030840,39.888889038954595,141.19528,,,1,,,,0,,,,,
82,,2810270,1,20261003,840,,,,,,,,,,,,,,,3,202610030840,40.27277803923393,141.293058,,,1,,,,0,,,,,
82,,2810280,1,20261003,840,51,8,0,,,,,25,6,0,,,,,3,202610030840,40.41445803933193,141.298913,,,0,,,,0,,,,,
82,,2810290,1,20261003,840,31,6,0,,,,,34,2,0,,,,,3,202610030840,40.718083039532594,141.156692,,,0,,,,0,,,,,
82,,2810300,1,20261003,840,28,7,0,,,,,30,7,0,,,,,3,202610030840,40.907508039651255,141.061111,,,0,,,,0,,,,,
82,,2810310,1,20261003,840,41,12,0,,,,,58,12,0,,,,,3,202610030840,40.8547220396187,140.839178,,,0,,,,0,,,,,
82,,2810320,1,20261003,840,63,12,0,,,,,76,5,0,,,,,3,202610030840,36.91389703614713,140.802218,,,0,,,,0,,,,,
82,,2810330,1,20261003,840,88,21,0,,,,,51,17,0,,,,,3,202610030840,37.027520036273884,140.897874,,,0,,,,0,,,,,
82,,2810340,1,20261003,840,,,,,,,,,,,,,,,3,202610030840,37.191077036453784,140.999315,,,1,,,,0,,,,,
82,,2810350,1,20261003,840,,,,,,,,,,,,,,,3,202610030840,37.83831703713551,140.937334,,,1,,,,0,,,,,
82,,2810400,1,20261003,840,8,1,0,,,,,6,2,0,,,,,3,202610030840,39.26847903846129,139.923131,,,0,,,,0,,,,,
82,,2810430,1,20261003,840,,,,,,,,,,,,,,,3,202610030840,39.976642039020206,140.07770900000003,,,1,,,,0,,,,,
82,,2810450,1,20261003,840,,,,,,,,,,,,,,,3,202610030840,40.278639039238044,140.449111,,,1,,,,0,,,,,
82,,2810460,1,20261003,840,,,,,,,,,,,,,,,3,202610030840,40.275306039235716,140.516861,,,1,,,,0,,,,,
82,,2810470,1,20261003,840,20,4,0,,,,,30,2,0,,,,,3,202610030840,40.317917039265446,140.578139,,,0,,,,0,,,,,
82,,2810480,1,20261003,840,,,,,,,,,,,,,,,3,202610030840,40.577502039441285,140.518889,,,1,,,,0,,,,,
82,,2810490,1,20261003,840,,,,,,,,,,,,,,,3,202610030840,40.711137039528154,140.580013,,,1,,,,0,,,,,
82,,2810580,1,20261003,840,,,,,,,,,,,,,,,3,202610030840,39.260555038454655,140.543611,,,1,,,,0,,,,,
82,,2810590,1,20261003,840,28,6,0,,,,,20,9,0,,,,,3,202610030840,39.44138803860391,140.505,,,0,,,,0,,,,,
82,,2810600,1,20261003,840,,,,,,,,,,,,,,,3,202610030840,39.51138803866052,140.380833,,,1,,,,0,,,,,
82,,2810610,1,20261003,840,35,4,0,,,,,21,1,0,,,,,3,202610030840,39.63750003876089,140.300833,,,0,,,,0,,,,,
82,,2810620,1,20261003,840,106,10,0,,,,,79,10,0,,,,,3,202610030840,39.67388903878944,140.152222,,,0,,,,0,,,,,
82,,2810630,1,20261003,840,78,17,0,,,,,89,15,0,,,,,3,202610030840,39.69425003880535,140.122194,,,0,,,,0,,,,,
82,,2810960,1,20261003,840,,,,,,,,,,,,,,,3,202610030840,40.26398203922775,141.40187,,,1,,,,0,,,,,
82,,2810970,1,20261003,840,,,,,,,,,,,,,,,3,202610030840,40.4453010393529,141.638612,,,1,,,,0,,,,,
82,,2810980,1,20261003,840,,,,,,,,,,,,,,,3,202610030840,40.30396403925574,141.3059,,,1,,,,0,,,,,
82,,2810990,1,20261003,840,30,4,0,,,,,19,7,0,,,,,3,202610030840,40.60361303945845,141.404748,,,0,,,,0,,,,,
82,,2811030,1,20261003,840,13,1,0,,,,,4,2,0,,,,,3,202610030840,39.608922038738314,140.57135,,,0,,,,0,,,,,
82,,2811140,1,20261003,840,,,,,,,,,,,,,,,3,202610030840,37.03129103627806,140.879088,,,1,,,,0,,,,,
82,,2811160,1,20261003,840,18,6,0,,,,,21,1,0,,,,,3,202610030840,37.1928290364557,140.62122,,,0,,,,0,,,,,
83,,3810010,1,20261003,840,,,,,,,,,,,,,,,3,202610030840,35.23222203411103,139.112514,,,1,,,,,,,,,
83,,3810040,1,20261003,840,86,9,0,,,,,16,1,0,,,,,3,202610030840,35.26450803415279,139.182925,,,0,0,0,0,0,0,0,0,0,0
83,,3810050,1,20261003,840,107,20,0,,,,,,,,,,,,3,202610030840,35.71158901450833,139.777491746321,,,0,0,0,0,0,0,0,0,0,0
83,,3810060,1,20261003,840,106,12,0,,,,,55,16,0,,,,,3,202610030840,35.725261072361086,139.78833095668,,,0,0,0,0,0,0,0,0,0,0
83,,3810061,1,20261003,840,96,11,0,,,,,55,20,0,,,,,3,202610030840,35.72724220226666,139.789181219765,,,0,0,0,0,0,0,0,0,0,0
83,,3810070,1,20261003,840,72,15,0,,,,,43,5,0,,,,,3,202610030840,35.735055772282294,139.795343463609,,,0,0,0,0,0,0,0,0,0,0
83,,3810080,1,20261003,840,0,0,0,,,,,76,18,0,,,,,3,202610030840,35.73896290498206,139.797270681572,,,0,0,0,0,0,0,0,0,0,0
83,,3810100,1,20261003,840,28,0,0,,,,,24,4,0,,,,,3,202610030840,36.53972203571964,139.883611,,,0,0,0,0,0,0,0,0,0,0
83,,3810110,1,20261003,840,42,2,0,,,,,54,10,0,,,,,3,202610030840,36.91694403615054,139.999722,,,0,0,0,0,0,0,0,0,0,0
83,,3810140,1,20261003,840,33,14,0,,,,,57,16,0,,,,,3,202610030840,35.9900520350645,139.793529,,,0,0,0,0,0,0,0,0,0,0
83,,3810151,1,20261003,840,25,17,0,,,,,61,27,0,,,,,3,202610030840,36.07984803517367,139.770041,,,0,0,0,0,0,0,0,0,0,0
83,,3810160,1,20261003,840,73,16,0,,,,,95,35,0,,,,,3,202610030840,36.167500035279446,139.779444,,,0,0,0,0,0,0,0,0,0,0
83,,3810180,1,20261003,840,71,14,0,,,,,118,27,0,,,,,3,202610030840,36.296506035433666,139.841547,,,0,0,0,0,0,0,0,0,0,0
83,,3810200,1,20261003,840,0,0,0,,,,,183,33,0,,,,,3,202610030840,36.57174703575683,139.941692,,,0,0,0,0,0,0,0,0,0,0
83,,3810210,1,20261003,840,97,9,0,,,,,0,0,0,,,,,3,202610030840,35.694558518577544,139.78420024258003,,,0,0,0,0,0,0,0,0,0,0
83,,3810220,1,20261003,840,60,15,0,,,,,38,7,0,,,,,3,202610030840,35.73416286894769,139.831977693081,,,0,0,0,0,0,0,0,0,0,0
83,,3810230,1,20261003,840,20,2,0,,,,,34,3,0,,,,,3,202610030840,35.735319871891136,139.833592336398,,,0,0,0,0,0,0,0,0,0,0
83,,3810260,1,20261003,840,,,,,,,,,,,,,,,3,202610030840,35.83796603487771,139.939917,,,1,,,,,,,,,
83,,3810280,1,20261003,840,,,,,,,,,,,,,,,3,202610030840,35.895306034948405,140.059167,,,1,0,0,0,0,0,0,0,0,0
83,,3810290,1,20261003,840,68,2,0,,,,,87,24,0,,,,,3,202610030840,36.06811403515946,140.179269,,,0,0,0,0,0,0,0,0,0,0
83,,3810300,1,20261003,840,52,11,0,,,,,86,2,0,,,,,3,202610030840,36.078239035171734,140.177747,,,0,0,0,0,0,0,0,0,0,0
83,,3810320,1,20261003,840,45,4,0,,,,,66,27,0,,,,,3,202610030840,36.378875035531216,140.500661,,,0,0,0,0,0,0,0,0,0,0
83,,3810330,1,20261003,840,9,3,0,,,,,80,7,0,,,,,3,202610030840,36.655972035854084,140.701006,,,0,0,0,0,0,0,0,0,0,0
83,,3810340,1,20261003,840,54,5,0,,,,,51,0,0,,,,,3,202610030840,36.794736036012644,140.752922,,,0,0,0,0,0,0,0,0,0,0
83,,3810350,1,20261003,840,121,12,0,,,,,0,0,0,,,,,3,202610030840,35.92645303498668,140.111775,,,0,0,0,0,0,0,0,0,0,0
83,,3810360,1,20261003,840,,,,,,,,,,,,,,,3,202610030840,35.694040942069805,139.789910543304,,,1,0,0,0,0,0,0,0,0,0
83,,3810370,1,20261003,840,,,,,,,,,,,,,,,3,202610030840,35.702867388707524,139.866257828687,,,1,0,0,0,0,0,0,0,0,0
83,,3810380,1,20261003,840,,,,,,,,,,,,,,,3,202610030840,35.628891034617155,140.088076,,,1,,,,,,,,,
83,,3810390,1,20261003,840,,,,,,,,,,,,,,,3,202610030840,35.62349099143046,139.737976826575,,,1,,,,,,,,,
83,,3810400,1,20261003,840,10,0,0,,,,,44,3,0,,,,,3,202610030840,35.263900034152,139.698397,,,0,0,0,0,0,0,0,0,0,0
83,,3810410,1,20261003,840,54,7,0,,,,,49,3,0,,,,,3,202610030840,35.62304903460981,139.340292,,,0,0,0,0,0,0,0,0,0,0
83,,3810420,1,20261003,840,31,6,0,,,,,70,5,0,,,,,3,202610030840,35.67571003467587,139.331954,,,0,0,0,0,0,0,0,0,0,0
83,,3810431,1,20261003,840,56,14,0,,,,,44,14,0,,,,,3,202610030840,35.77594403480087,139.336731,,,0,0,0,0,0,0,0,0,0,0
83,,3810440,1,20261003,840,,,,,,,,,,,,,,,3,202610030840,35.82933103486704,139.380426,,,1,0,0,0,0,0,0,0,0,0
83,,3810460,1,20261003,840,124,9,0,,,,,89,21,0,,,,,3,202610030840,35.91289603497003,139.534764,,,0,0,0,0,0,0,0,0,0,0
83,,3810470,1,20261003,840,,,,,,,,81,17,0,,,,,3,202610030840,35.92749603498795,139.591065,,,0,0,0,0,0,0,0,0,0,0
83,,3810490,1,20261003,840,,,,,,,,,,,,,,,3,202610030840,35.992460035067445,139.820467,,,1,,,,,,,,,
83,,3810500,1,20261003,840,23,3,0,,,,,51,7,0,,,,,3,202610030840,35.79376864024429,139.685717006056,,,0,0,0,0,0,0,0,0,0,0
83,,3810510,1,20261003,840,25,4,0,,,,,20,17,0,,,,,3,202610030840,35.8210620348568,139.680963,,,0,0,0,0,0,0,0,0,0,0
83,,3810520,1,20261003,840,105,11,0,,,,,120,13,0,,,,,3,202610030840,35.97632603504774,139.594106,,,0,0,0,0,0,0,0,0,0,0
83,,3810540,1,20261003,840,65,7,0,,,,,56,11,0,,,,,3,202610030840,36.230692035355204,139.2134,,,0,0,0,0,0,0,0,0,0,0
83,,3810560,1,20261003,840,106,13,0,,,,,95,8,0,,,,,3,202610030840,36.31113903545105,139.02725,,,0,0,0,0,0,0,0,0,0,0
83,,3810600,1,20261003,840,27,0,0,,,,,22,5,0,,,,,3,202610030840,36.68205603588405,138.968889,,,0,0,0,0,0,0,0,0,0,0
83,,3810610,1,20261003,840,111,15,0,,,,,,,,,,,,3,202610030840,35.84803703489016,139.625615,,,0,0,0,0,0,0,0,0,0,0
83,,3810620,1,20261003,840,,,,,,,,88,25,0,,,,,3,202610030840,35.84444303488572,139.626759,,,0,0,0,0,0,0,0,0,0,0
83,,3810670,1,20261003,840,80,18,0,,,,,133,18,0,,,,,3,202610030840,36.35330303550101,139.215067,,,0,0,0,0,0,0,0,0,0,0
83,,3810710,1,20261003,840,49,7,0,,,,,23,4,0,,,,,3,202610030840,36.33250003547639,138.5235,,,0,0,0,0,0,0,0,0,0,0
83,,3810720,1,20261003,840,48,4,0,,,,,35,5,0,,,,,3,202610030840,36.49438903566681,138.150722,,,0,0,0,0,0,0,0,0,0,0
83,,3810740,1,20261003,840,82,6,0,,,,,40,3,0,,,,,3,202610030840,36.65492503585288,138.23375,,,0,0,0,0,0,0,0,0,0,0
83,,3810750,1,20261003,840,66,4,0,,,,,10,0,0,,,,,3,202610030840,36.695139035899054,138.26925,,,0,0,0,0,0,0,0,0,0,0
83,,3810760,1,20261003,840,43,3,0,,,,,58,3,0,,,,,3,202610030840,36.717694035924886,138.298306,,,0,0,0,0,0,0,0,0,0,0
83,,3810770,1,20261003,840,7,3,0,,,,,29,4,0,,,,,3,202610030840,36.75032203596213,138.212264,,,0,0,0,0,0,0,0,0,0,0
83,,3810780,1,20261003,840,16,2,0,,,,,18,2,0,,,,,3,202610030840,36.792972036010646,138.219778,,,0,0,0,0,0,0,0,0,0,0
83,,3810790,1,20261003,840,28,3,0,,,,,35,4,0,,,,,3,202610030840,36.406417035563685,138.204417,,,0,0,0,0,0,0,0,0,0,0
83,,3810800,1,20261003,840,4,0,0,,,,,3,0,0,,,,,3,202610030840,36.82044403604179,138.192306,,,0,0,0,0,0,0,0,0,0,0
83,,3810810,1,20261003,840,30,1,0,,,,,10,0,0,,,,,3,202610030840,36.8368890360604,138.205542,,,0,0,0,0,0,0,0,0,0,0
83,,3810820,1,20261003,840,16,0,0,,,,,10,0,0,,,,,3,202610030840,36.513833035689494,138.094389,,,0,0,0,0,0,0,0,0,0,0
83,,3810821,1,20261003,840,15,0,0,,,,,13,1,0,,,,,3,202610030840,36.52786103570584,138.096722,,,0,0,0,0,0,0,0,0,0,0
83,,3810830,1,20261003,840,58,0,0,,,,,27,2,0,,,,,3,202610030840,36.23586103536139,137.9565,,,0,0,0,0,0,0,0,0,0,0
83,,3810840,1,20261003,840,13,3,0,,,,,20,1,0,,,,,3,202610030840,36.38313903553625,137.925722,,,0,0,0,0,0,0,0,0,0,0
83,,3810850,1,20261003,840,12,3,0,,,,,20,1,0,,,,,3,202610030840,36.4623860356294,137.946275,,,0,0,0,0,0,0,0,0,0,0
83,,3810860,1,20261003,840,29,4,0,,,,,21,3,0,,,,,3,202610030840,36.5884720357762,138.050889,,,0,0,0,0,0,0,0,0,0,0
83,,3810870,1,20261003,840,68,8,0,,,,,40,0,0,,,,,3,202610030840,36.61469403580651,138.085167,,,0,0,0,0,0,0,0,0,0,0
83,,3810880,1,20261003,840,61,11,0,,,,,39,1,0,,,,,3,202610030840,36.615111035807,138.086528,,,0,0,0,0,0,0,0,0,0,0
83,,3810900,1,20261003,840,23,1,0,,,,,22,0,0,,,,,3,202610030840,36.62808303582196,138.153194,,,0,0,0,0,0,0,0,0,0,0
83,,3810910,1,20261003,840,48,3,0,,,,,77,0,0,,,,,3,202610030840,36.64626403584291,138.18197200000003,,,0,0,0,0,0,0,0,0,0,0
83,,3810920,1,20261003,840,36,10,0,,,,,21,1,0,,,,,3,202610030840,36.648972035846036,138.193972,,,0,0,0,0,0,0,0,0,0,0
83,,3810930,1,20261003,840,28,7,0,,,,,22,4,0,,,,,3,202610030840,36.616944035809105,138.133611,,,0,0,0,0,0,0,0,0,0,0
83,,3810950,1,20261003,840,,,,,,,,,,,,,,,3,202610030840,35.67318837384892,139.663841176629,,,0,0,0,0,0,0,0,1,0,0
83,,3810970,1,20261003,840,15,1,0,,,,,32,1,0,,,,,3,202610030840,35.61726703460252,139.240054,,,0,0,0,0,0,0,0,0,0,0
83,,3810980,1,20261003,840,11,1,0,,,,,25,5,0,,,,,3,202610030840,35.62000003460596,139.1275,,,0,0,0,0,0,0,0,0,0,0
83,,3811030,1,20261003,840,81,13,0,,,,,96,16,0,,,,,3,202610030840,35.643889034635976,138.636389,,,0,0,0,0,0,0,0,0,0,0
83,,3811050,1,20261003,840,30,2,0,,,,,23,4,0,,,,,3,202610030840,35.91541703497313,138.227361,,,0,0,0,0,0,0,0,0,0,0
83,,3811060,1,20261003,840,,,,,,,,,,,,,,,3,202610030840,35.94028603500364,138.197875,,,1,0,0,0,0,0,0,0,0,0
83,,3811070,1,20261003,840,31,1,0,,,,,40,3,0,,,,,3,202610030840,36.029750035112876,138.1255,,,0,0,0,0,0,0,0,0,0,0
83,,3811080,1,20261003,840,42,12,0,,,,,70,1,0,,,,,3,202610030840,36.077694035171085,138.037889,,,0,0,0,0,0,0,0,0,0,0
83,,3811090,1,20261003,840,0,0,0,,,,,57,5,0,,,,,3,202610030840,36.12191703522454,137.959472,,,0,0,0,0,0,0,0,0,0,0
83,,3811100,1,20261003,840,42,4,0,,,,,33,3,0,,,,,3,202610030840,35.9769440350485,138.163333,,,0,0,0,0,0,0,0,0,0,0
83,,3811110,1,20261003,840,0,0,0,,,,,0,0,0,,,,,3,202610030840,36.08683303518214,138.06408300000004,,,0,0,0,0,0,0,0,0,0,0
83,,3811121,1,20261003,840,,,,,,,,31,5,0,,,,,3,202610030840,35.63168503462065,139.28402,,,0,0,0,0,0,0,0,0,0,0
83,,3811130,1,20261003,840,16,4,0,,,,,15,1,0,,,,,3,202610030840,35.99511103507067,138.139278,,,0,0,0,0,0,0,0,0,0,0
83,,3811220,1,20261003,840,,,,,,,,,,,,,,,3,202610030840,35.959128035026716,140.602286,,,1,0,0,0,0,0,0,0,0,0
83,,3811230,1,20261003,840,0,1,0,,,,,32,6,0,,,,,3,202610030840,35.95769703502496,140.602514,,,0,0,0,0,0,0,0,0,0,0
83,,3811240,1,20261003,840,17,5,0,,,,,33,2,0,,,,,3,202610030840,35.200928034070465,138.520986,,,0,0,0,0,0,0,0,0,0,0
83,,3811250,1,20261003,840,1,1,0,,,,,6,2,0,,,,,3,202610030840,35.31250003421467,138.442011,,,0,0,0,0,0,0,0,0,0,0
83,,3811270,1,20261003,840,23,6,0,,,,,34,3,0,,,,,3,202610030840,35.5316670344945,138.450278,,,0,0,0,0,0,0,0,0,0,0
83,,3811290,1,20261003,840,,,,,,,,,,,,,,,3,202610030840,35.041444033862305,139.833306,,,1,,,,,,,,,
83,,3811300,1,20261003,840,,,,,,,,,,,,,,,3,202610030840,35.157361034013846,139.819,,,1,,,,,,,,,
83,,3811330,1,20261003,840,31,3,0,,,,,46,2,0,,,,,3,202610030840,35.53888903450364,138.885556,,,0,0,0,0,0,0,0,0,0,0
83,,3811340,1,20261003,840,44,5,0,,,,,29,3,0,,,,,3,202610030840,35.60305603458465,138.940833,,,0,0,0,0,0,0,0,0,0,0
83,,3811350,1,20261003,840,109,15,0,,,,,69,11,0,,,,,3,202610030840,35.61569396585425,139.627538019939,,,0,0,0,0,0,0,0,0,0,0
83,,3811360,1,20261003,840,65,19,0,,,,,103,28,0,,,,,3,202610030840,35.48552503443597,139.460986,,,0,0,0,0,0,0,0,0,0,0
83,,3811370,1,20261003,840,23,3,0,,,,,68,4,0,,,,,3,202610030840,35.35857503427389,139.075042,,,0,0,0,0,0,0,0,0,0,0
83,,3811390,1,20261003,840,116,38,0,,,,,,,,,,,,3,202610030840,35.64686740024182,139.854860316246,,,0,0,0,0,0,0,0,0,0,0
83,,3811401,1,20261003,840,0,0,0,,,,,,,,,,,,3,202610030840,35.64792275306184,139.837391468126,,,0,0,0,0,0,0,0,0,0,0
83,,3811410,1,20261003,840,73,25,0,,,,,,,,,,,,3,202610030840,35.6321085640565,139.785108560174,,,0,0,0,0,0,0,0,0,0,0
83,,3811411,1,20261003,840,,,,,,,,73,35,0,,,,,3,202610030840,35.63193106766495,139.786372369256,,,0,0,0,0,0,0,0,0,0,0
83,,3811420,1,20261003,840,,,,,,,,,,,,,,,3,202610030840,35.57873713134419,139.756665501316,,,1,0,0,0,0,0,0,0,0,0
83,,3811421,1,20261003,840,,,,,,,,,,,,,,,3,202610030840,35.573715682248654,139.759184371525,,,1,0,0,0,0,0,0,0,0,0
83,,3811430,1,20261003,840,,,,,,,,,,,,,,,3,202610030840,35.6138270345982,140.103045,,,1,,,,,,,,,
83,,3811440,1,20261003,840,3,2,0,,,,,22,7,0,,,,,3,202610030840,35.60712645223976,139.747366707275,,,0,0,0,0,0,0,0,0,0,0
84,,4810010,1,20261003,840,172,22,0,,,,,156,18,0,,,,,3,202610030840,37.9300000372281,139.134722,,,0,0,0,0,0,0,0,0,0,0
84,,4810020,1,20261003,840,124,9,0,,,,,153,16,0,,,,,3,202610030840,37.95278103725094,139.213611,,,0,0,0,0,0,0,0,0,0,0
84,,4810040,1,20261003,840,101,6,0,,,,,6,0,0,,,,,3,202610030840,37.96305603726123,139.3275,,,0,0,0,0,0,0,0,0,0,0
84,,4810060,1,20261003,840,15,2,0,,,,,6,1,0,,,,,3,202610030840,38.2550360375481,139.501792,,,0,0,0,0,0,0,0,0,0,0
84,,4810070,1,20261003,840,,,,,,,,,,,,,,,3,202610030840,38.28200003757407,139.521444,,,1,0,0,0,0,1,1,0,0,0
84,,4810080,1,20261003,840,,,,,,,,,,,,,,,3,202610030840,38.374925037662884,139.556342,,,1,0,0,0,0,0,0,0,0,0
84,,4810090,1,20261003,840,75,11,0,,,,,71,6,0,,,,,3,202610030840,37.5351670368223,138.881569,,,0,0,0,0,0,0,0,0,0,0
84,,4810100,1,20261003,840,80,5,0,,,,,111,12,0,,,,,3,202610030840,37.473639036757405,138.880583,,,0,0,0,0,0,0,0,0,0,0
84,,4810110,1,20261003,840,58,3,0,,,,,78,2,0,,,,,3,202610030840,37.459033036741936,138.856414,,,0,0,0,0,0,0,0,0,0,0
84,,4810120,1,20261003,840,52,2,0,,,,,90,5,0,,,,,3,202610030840,37.462169036745266,138.845592,,,0,0,0,0,0,0,0,0,0,0
84,,4810130,1,20261003,840,70,7,0,,,,,58,2,0,,,,,3,202610030840,37.44445303672647,138.785889,,,0,0,0,0,0,0,0,0,0,0
84,,4810140,1,20261003,840,47,1,0,,,,,22,3,0,,,,,3,202610030840,37.44069403672249,138.740364,,,0,0,0,0,0,0,0,0,0,0
84,,4810150,1,20261003,840,25,1,0,,,,,14,6,0,,,,,3,202610030840,37.41229403669227,138.674192,,,0,0,0,0,0,0,0,0,0,0
84,,4810160,1,20261003,840,33,5,0,,,,,27,4,0,,,,,3,202610030840,37.23896903650589,138.343486,,,0,0,0,0,0,0,0,0,0,0
84,,4810170,1,20261003,840,,,,,,,,,,,,,,,3,202610030840,37.18690003644924,138.272953,,,1,0,0,0,0,0,0,0,0,0
84,,4810180,1,20261003,840,53,12,0,,,,,75,5,0,,,,,3,202610030840,37.17543303643671,138.266805,,,0,0,0,0,0,0,0,0,0,0
84,,4810190,1,20261003,840,91,4,0,,,,,64,12,0,,,,,3,202610030840,37.1623530364224,138.247561,,,0,0,0,0,0,0,0,0,0,0
84,,4810200,1,20261003,840,22,2,0,,,,,28,5,0,,,,,3,202610030840,37.105891036360454,137.990565,,,0,0,0,0,0,0,0,0,0,0
84,,4810210,1,20261003,840,29,3,0,,,,,25,5,0,,,,,3,202610030840,37.08795603634071,137.96033,,,0,0,0,0,0,0,0,0,0,0
84,,4810220,1,20261003,840,26,1,0,,,,,33,3,0,,,,,3,202610030840,37.057208036306754,137.905455,,,0,0,0,0,0,0,0,0,0,0
84,,4810230,1,20261003,840,18,3,0,,,,,26,2,0,,,,,3,202610030840,37.050899036299775,137.885459,,,0,0,0,0,0,0,0,0,0,0
84,,4810250,1,20261003,840,8,2,0,,,,,9,2,0,,,,,3,202610030840,37.05093203629982,137.890368,,,0,0,0,0,0,0,0,0,0,0
84,,4810260,1,20261003,840,26,12,0,,,,,39,3,0,,,,,3,202610030840,36.9856190362273,138.808078,,,0,0,0,0,0,0,0,0,0,0
84,,4810270,1,20261003,840,31,5,0,,,,,32,2,0,,,,,3,202610030840,37.24858103651632,138.916575,,,0,0,0,0,0,0,0,0,0,0
84,,4810280,1,20261003,840,14,4,0,,,,,8,3,0,,,,,3,202610030840,37.17036103643117,138.942139,,,0,0,0,0,0,0,0,0,0,0
84,,4810290,1,20261003,840,51,3,0,,,,,44,8,0,,,,,3,202610030840,37.07683703632844,138.265595,,,0,0,0,0,0,0,0,0,0,0
84,,4810300,1,20261003,840,10,2,0,,,,,9,1,0,,,,,3,202610030840,37.66361103695634,139.536806,,,0,0,0,0,0,0,0,0,0,0
84,,4810310,1,20261003,840,32,4,0,,,,,64,5,0,,,,,3,202610030840,37.84055603713779,139.147778,,,0,0,0,0,0,0,0,0,0,0
84,,4810330,1,20261003,840,193,19,0,,,,,201,23,0,,,,,3,202610030840,37.8978060371957,139.070722,,,0,0,0,0,0,0,0,0,0,0
84,,4810340,1,20261003,840,17,1,0,,,,,16,2,0,,,,,3,202610030840,37.563464036852,138.734306,,,0,0,0,0,0,0,0,0,0,0
84,,4810350,1,20261003,840,36,2,0,,,,,37,2,0,,,,,3,202610030840,37.61757803690852,138.825033,,,0,0,0,0,0,0,0,0,0,0
84,,4810360,1,20261003,840,43,4,0,,,,,50,4,0,,,,,3,202610030840,37.690358036984,138.885919,,,0,0,0,0,0,0,0,0,0,0
84,,4810370,1,20261003,840,48,4,0,,,,,47,2,0,,,,,3,202610030840,37.8052690371019,138.92235,,,0,0,0,0,0,0,0,0,0,0
84,,4810380,1,20261003,840,77,5,0,,,,,142,10,0,,,,,3,202610030840,37.86309703716064,138.981,,,0,0,0,0,0,0,0,0,0,0
84,,4810395,1,20261003,840,19,6,0,,,,,26,6,0,,,,,3,202610030840,36.691540505894935,136.9116223,,,0,,,,0,0,,,0,0
84,,4810406,1,20261003,840,29,3,1,,,,,51,4,0,,,,,3,202610030840,36.89660103612769,137.444677,,,0,,,,0,0,,,0,0
84,,4810410,1,20261003,840,65,4,0,,,,,89,2,0,,,,,3,202610030840,36.816442036037266,137.41630300000003,,,0,0,0,0,0,0,0,0,0,0
84,,4810420,1,20261003,840,69,8,0,,,,,117,6,0,,,,,3,202610030840,36.718606035925916,137.303914,,,0,0,0,0,0,0,0,0,0,0
84,,4810430,1,20261003,840,68,7,0,,,,,129,4,0,,,,,3,202610030840,36.71795303592518,137.279328,,,0,0,0,0,0,0,0,0,0,0
84,,4810440,1,20261003,840,80,6,0,,,,,88,2,0,,,,,3,202610030840,36.72027203592783,137.263083,,,0,0,0,0,0,0,0,0,0,0
84,,4810445,1,20261003,840,99,14,0,,,,,87,12,0,,,,,3,202610030840,36.73017862593915,137.18171158,,,0,,,,0,0,,,0,0
84,,4810447,1,20261003,840,46,3,1,,,,,64,8,0,,,,,3,202610030840,36.72863947593739,137.12486156,,,0,,,,0,0,,,0,0
84,,4810454,1,20261003,840,70,8,0,,,,,76,4,0,,,,,3,202610030840,36.744673195955684,136.99179584,,,0,,,,0,0,,,0,0
84,,4810460,1,20261003,840,,,,,,,,,,,,,,,3,202610030840,36.68745003589023,136.855675,,,1,0,0,0,0,0,0,0,0,0
84,,4810462,1,20261003,840,,,,,,,,,,,,,,,3,202610030840,36.525710035703334,137.22999,,,1,,,,0,0,,,0,0
84,,4810463,1,20261003,840,20,0,0,,,,,37,3,0,,,,,3,202610030840,36.53609652571542,137.23114399,,,0,,,,0,0,,,0,0
84,,4810470,1,20261003,840,,,,,,,,,,,,,,,3,202610030840,36.69575603589977,137.237889,,,1,0,0,0,0,0,0,0,0,0
84,,4810480,1,20261003,840,21,2,0,,,,,19,0,0,,,,,3,202610030840,36.580522035767004,136.965706,,,0,0,0,0,0,0,0,0,0,0
84,,4810485,1,20261003,840,32,1,0,,,,,41,0,0,,,,,3,202610030840,36.68510836918755,136.9765361111,,,0,,,,0,0,,,0,0
84,,4810490,1,20261003,840,24,0,0,,,,,27,0,0,,,,,3,202610030840,36.74530803595641,137.01085,,,0,0,0,0,0,0,0,0,0,0
84,,4810500,1,20261003,840,,,,,,,,,,,,,,,3,202610030840,36.91246103614551,137.019489,,,0,0,0,0,0,1,1,0,0,0
84,,4810510,1,20261003,840,,,,,,,,,,,,,,,3,202610030840,36.84943603607457,136.97895,,,1,,,,,,,,,
84,,4810530,1,20261003,840,105,5,0,,,,,100,9,0,,,,,3,202610030840,36.44611103561032,136.488056,,,0,0,0,0,0,0,0,0,0,0
84,,4810550,1,20261003,840,68,5,0,,,,,41,6,0,,,,,3,202610030840,36.32672203546954,136.41169500000004,,,0,0,0,0,0,0,0,0,0,0
84,,4810570,1,20261003,840,40,2,0,,,,,67,7,0,,,,,3,202610030840,36.571667035756725,136.655556,,,0,0,0,0,0,0,0,0,0,0
84,,4810580,1,20261003,840,83,1,0,,,,,14,0,0,,,,,3,202610030840,36.54430803572498,136.640516,,,0,0,0,0,0,0,0,0,0,0
84,,4810590,1,20261003,840,75,2,0,,,,,78,3,0,,,,,3,202610030840,36.54061903572069,136.623128,,,0,0,0,0,0,0,0,0,0,0
84,,4810600,1,20261003,840,31,4,0,,,,,23,3,0,,,,,3,202610030840,37.04041903628817,136.969305,,,0,0,0,0,0,0,0,0,0,0
84,,4810610,1,20261003,840,,,,,,,,,,,,,,,3,202610030840,36.90469303613679,136.830093,,,1,,,,,,,,,
84,,4810620,1,20261003,840,6,0,0,,,,,10,0,0,,,,,3,202610030840,36.86972803609746,136.79694700000002,,,0,0,0,0,0,0,0,0,0,0
84,,4810630,1,20261003,840,57,0,0,,,,,52,0,0,,,,,3,202610030840,36.560782035744104,136.677711,,,0,0,0,0,0,0,0,0,0,0
85,22,5810060,1,20261003,840,17,2,,,,,,15,0,,,,,,3,202610030840,34.90554603368308,138.270337,,,0,,0,,0,0,0,0,,0
85,22,5810080,1,20261003,840,31,11,,,,,,69,15,,,,,,3,202610030840,34.84454203360207,138.151981,,,0,,0,,0,0,0,0,,0
85,22,5810090,1,20261003,840,,,,,,,,,,,,,,,3,202610030840,34.78638703352455,138.050184,,,1,,0,,0,0,0,0,,0
85,22,5810110,1,20261003,840,166,22,,,,,,162,28,,,,,,3,202610030840,34.76273603349293,137.969553,,,0,,0,,0,0,0,0,,0
85,23,5810190,1,20261003,840,34,1,,,,,,26,5,,,,,,3,202610030840,35.11388803395716,136.734972,,,0,,0,,0,0,0,0,,0
85,24,5810210,1,20261003,840,51,8,,,,,,52,9,,,,,,3,202610030840,34.86311003362677,136.47097,,,0,,0,,0,0,0,0,,0
85,21,5810280,1,20261003,840,89,10,,,,,,42,8,,,,,,3,202610030840,35.365972034283374,137.22477800000001,,,0,,0,,0,0,0,0,,0
85,21,5810330,1,20261003,840,78,1,,,,,,52,5,,,,,,3,202610030840,35.44925903438983,137.419698,,,0,,0,,0,0,0,0,,0
85,21,5810340,1,20261003,840,83,7,,,,,,66,4,,,,,,3,202610030840,35.45966703440309,137.442028,,,0,,0,,0,0,0,0,,0
85,21,5810350,1,20261003,840,26,2,,,,,,108,2,,,,,,3,202610030840,35.51200003446958,137.521639,,,0,,0,,0,0,0,0,,0
85,21,5810360,1,20261003,840,16,0,,,,,,25,5,,,,,,3,202610030840,35.581250034557165,137.537222,,,0,,0,,0,0,0,0,,0
85,21,5810370,1,20261003,840,16,2,,,,,,23,3,,,,,,3,202610030840,35.81618803485076,137.683244,,,0,,0,,0,0,0,0,,0
85,21,5810380,1,20261003,840,17,4,,,,,,24,1,,,,,,3,202610030840,35.91502403497266,137.77069,,,0,,0,,0,0,0,0,,0
85,21,5810390,1,20261003,840,20,1,,,,,,18,2,,,,,,3,202610030840,35.93471103499681,137.786917,,,0,,0,,0,0,0,0,,0
85,21,5810420,1,20261003,840,33,1,,,,,,37,4,,,,,,3,202610030840,35.37572803429589,137.190676,,,0,,0,,0,0,0,0,,0
85,21,5810440,1,20261003,840,25,2,,,,,,24,1,,,,,,3,202610030840,35.426917034361345,137.132361,,,0,,0,,0,0,0,0,,0
85,21,5810470,1,20261003,840,38,1,,,,,,57,9,,,,,,3,202610030840,35.418612034350744,136.946394,,,0,,0,,0,0,0,0,,0
85,21,5810510,1,20261003,840,17,2,,,,,,15,0,,,,,,3,202610030840,35.37112003428997,136.453326,,,0,,0,,0,0,0,0,,0
85,23,5810530,1,20261003,840,74,13,,,,,,60,11,,,,,,3,202610030840,34.696128033403625,137.40686,,,0,,0,,0,0,0,0,,0
85,23,5810570,1,20261003,840,44,10,,,,,,80,4,,,,,,3,202610030840,34.84938803360853,137.221222,,,0,,0,,0,0,0,0,,0
85,23,5810580,1,20261003,840,84,14,,,,,,0,0,,,,,,3,202610030840,34.84869403360759,137.197416,,,0,,0,,0,0,0,0,,0
85,23,5810620,1,20261003,840,116,30,,,,,,115,23,,,,,,3,202610030840,35.10119403394058,136.86925,,,0,,0,,0,0,0,0,,0
85,24,5810670,1,20261003,840,88,13,,,,,,65,4,,,,,,3,202610030840,34.65002003334157,136.51956,,,0,,0,,0,0,0,0,,0
85,24,5810680,1,20261003,840,67,12,,,,,,69,8,,,,,,3,202610030840,34.71907003343443,136.4716,,,0,,0,,0,0,0,0,,0
85,24,5810690,1,20261003,840,100,6,,,,,,81,8,,,,,,3,202610030840,34.64712003333765,136.49449,,,0,,0,,0,0,0,0,,0
85,24,5810700,1,20261003,840,75,16,,,,,,74,34,,,,,,3,202610030840,34.850220033609624,136.416645,,,0,,0,,0,0,0,0,,0
85,24,5810730,1,20261003,840,151,36,,,,,,111,23,,,,,,3,202610030840,34.62822503331218,135.986212,,,0,,0,,0,0,0,0,,0
85,21,5810760,1,20261003,840,20,3,,,,,,36,2,,,,,,3,202610030840,35.55276203452119,137.177488,,,0,,0,,0,0,0,0,,0
85,21,5810770,1,20261003,840,7,2,,,,,,5,1,,,,,,3,202610030840,35.64602003463866,137.169715,,,0,,0,,0,0,0,0,,0
85,21,5810780,1,20261003,840,20,2,,,,,,16,4,,,,,,3,202610030840,35.667031034665,137.162564,,,0,,0,,0,0,0,0,,0
85,21,5810790,1,20261003,840,11,4,,,,,,13,0,,,,,,3,202610030840,35.74291003475978,137.208481,,,0,,0,,0,0,0,0,,0
85,21,5810800,1,20261003,840,11,10,,,,,,7,1,,,,,,3,202610030840,35.77947703480525,137.252586,,,0,,0,,0,0,0,0,,0
85,21,5810810,1,20261003,840,35,2,,,,,,29,5,,,,,,3,202610030840,35.83471903487371,137.232014,,,0,,0,,0,0,0,0,,0
85,21,5810830,1,20261003,840,8,0,,,,,,27,1,,,,,,3,202610030840,36.02357503510535,137.294767,,,0,,0,,0,0,0,0,,0
85,21,5810840,1,20261003,840,24,4,,,,,,54,5,,,,,,3,202610030840,36.10871303520861,137.266233,,,0,,0,,0,0,0,0,,0
85,21,5810850,1,20261003,840,34,4,,,,,,50,3,,,,,,3,202610030840,36.12373303522673,137.258932,,,0,,0,,0,0,0,0,,0
85,21,5810860,1,20261003,840,40,1,,,,,,13,2,,,,,,3,202610030840,36.25072803537914,137.162845,,,0,,0,,0,0,0,0,,0
85,21,5810880,1,20261003,840,9,0,,,,,,3,1,,,,,,3,202610030840,36.31423303545473,137.259675,,,0,,0,,0,0,0,0,,0
85,24,5810890,1,20261003,840,32,0,,,,,,15,6,,,,,,3,202610030840,34.407524733012174,136.4423714,,,0,,0,,0,0,0,0,,0
85,24,5810900,1,20261003,840,13,0,,,,,,6,3,,,,,,3,202610030840,34.1617406326732,136.2779067,,,0,,0,,0,0,0,0,,0
85,24,5810920,1,20261003,840,13,3,,,,,,12,7,,,,,,3,202610030840,34.05028613251784,136.1958331,,,0,,0,,0,0,0,0,,0
85,24,5810930,1,20261003,840,1,1,,,,,,0,0,,,,,,3,202610030840,33.98629813242818,136.1080803,,,0,,0,,0,0,0,0,,0
85,24,5810940,1,20261003,840,5,5,,,,,,6,1,,,,,,3,202610030840,33.93298113235323,136.0940822,,,0,,0,,0,0,0,0,,0
85,24,5810960,1,20261003,840,23,0,,,,,,34,2,,,,,,3,202610030840,34.00152563244955,136.1851117,,,0,,0,,0,0,0,0,,0
85,24,5810970,1,20261003,840,31,5,,,,,,9,1,,,,,,3,202610030840,33.942137832366114,136.1524581,,,0,,0,,0,0,0,0,,0
85,24,5810980,1,20261003,840,32,4,,,,,,22,1,,,,,,3,202610030840,33.92889863234747,136.1381858,,,0,,0,,0,0,0,0,,0
85,24,5810990,1,20261003,840,13,3,,,,,,20,1,,,,,,3,202610030840,33.74057583208088,135.9955167,,,0,,0,,0,0,0,0,,0
85,24,5811000,1,20261003,840,26,3,,,,,,26,9,,,,,,1,202610030840,34.10420863259313,136.1948133,,,0,,0,,0,0,0,0,,0
85,22,5811020,1,20261003,840,5,2,,,,,,11,4,,,,,,3,202610030840,35.15084103400535,138.522379,,,0,,0,,0,0,0,0,,0
85,22,5811030,1,20261003,840,1,2,,,,,,17,1,,,,,,3,202610030840,35.15470103401037,138.520314,,,0,,0,,0,0,0,0,,0
85,22,5811040,1,20261003,840,,,,,,,,,,,,,,,3,202610030840,35.19272303405982,138.529894,,,1,,0,,0,0,0,0,,0
85,22,5811050,1,20261003,840,23,1,,,,,,23,0,,,,,,3,202610030840,35.37095103428976,138.860418,,,0,,0,,0,0,0,0,,0
85,23,5811110,1,20261003,840,11,3,,,,,,45,1,,,,,,3,202610030840,35.135027033984734,137.309194,,,0,,0,,0,0,0,0,,0
85,23,5811120,1,20261003,840,15,2,,,,,,34,4,,,,,,3,202610030840,35.149777034003954,137.332722,,,0,,0,,0,0,0,0,,0
85,23,5811130,1,20261003,840,2,1,,,,,,35,3,,,,,,3,202610030840,35.1700830340304,137.406805,,,0,,0,,0,0,0,0,,0
85,23,5811140,1,20261003,840,7,0,,,,,,11,1,,,,,,3,202610030840,35.221388034097004,137.524166,,,0,,0,,0,0,0,0,,0
85,21,5811150,1,20261003,840,33,1,,,,,,18,4,,,,,,3,202610030840,35.46219703440631,137.756093,,,0,,0,,0,0,0,0,,0
85,21,5811160,1,20261003,840,20,5,,,,,,17,6,,,,,,3,202610030840,35.50206103445697,137.792544,,,0,,0,,0,0,0,0,,0
85,23,5811170,1,20261003,840,22,2,,,,,,24,2,,,,,,3,202610030840,35.21055503408296,137.106666,,,0,,0,,0,0,0,0,,0
85,21,5811190,1,20261003,840,31,2,,,,,,30,5,,,,,,3,202610030840,35.601941034583234,136.937212,,,0,,0,,0,0,0,0,,0
85,21,5811230,1,20261003,840,29,4,,,,,,22,3,,,,,,3,202610030840,36.13868903524477,137.164639,,,0,,0,,0,0,0,0,,0
85,21,5811240,1,20261003,840,44,2,,,,,,20,2,,,,,,3,202610030840,36.16135703527206,137.222749,,,0,,0,,0,0,0,0,,0
85,22,5811250,1,20261003,840,13,0,,,,,,60,10,,,,,,3,202610030840,35.312573034214765,138.927446,,,0,,0,,0,0,0,0,,0
85,21,5811270,1,20261003,840,23,4,,,,,,20,9,,,,,,3,202610030840,35.23023303410846,136.596679,,,0,,0,,0,0,0,0,,0
85,21,5811330,1,20261003,840,8,1,,,,,,8,0,,,,,,3,202610030840,35.46731303441282,137.78409,,,0,,0,,0,0,0,0,,0
86,,6810010,1,20261003,840,8,0,,,,,,6,0,,,,,,3,202610030840,34.89694403367168,136.336111,,,0,,0,,0,0,0,0,,0
86,,6810020,1,20261003,840,,,,,,,,,,,,,,,3,202610030840,34.97777803377855,135.901667,,,1,,0,,0,0,0,0,,0
86,,6810030,1,20261003,840,,,,,,,,,,,,,,,3,202610030840,35.00527803381478,136.094722,,,1,,0,,0,1,1,0,,0
86,,6810060,1,20261003,840,0,0,,,,,,76,19,,,,,,3,202610030840,34.986389033789905,135.75305600000002,,,0,,0,,0,0,0,0,,0
86,,6810089,1,20261003,840,,,,,,,,,,,,,,,3,202610030840,34.978118033779,135.908546,,,1,,0,,0,0,0,0,,0
86,,6810090,1,20261003,840,37,1,,,,,,0,0,,,,,,3,202610030840,34.83138903358458,135.72305600000004,,,0,,0,,0,0,0,0,,0
86,,6810100,1,20261003,840,0,0,,,,,,21,7,,,,,,3,202610030840,34.83138903358458,135.723889,,,0,,0,,0,0,0,0,,0
86,,6810105,1,20261003,840,60,9,,,,,,47,13,,,,,,3,202610030840,34.71411113342777,135.4489722,,,0,,0,,0,0,0,0,,0
86,,6810111,1,20261003,840,,,,,,,,,,,,,,,3,202610030840,34.6429970333321,135.019846,,,1,,0,,0,0,0,0,,0
86,,6810130,1,20261003,840,17,3,,,,,,16,7,,,,,,3,202610030840,34.842500033599364,134.330556,,,0,,0,,0,0,0,0,,0
86,,6810135,1,20261003,840,46,8,,,,,,26,3,,,,,,3,202610030840,36.18333336529846,136.26777780000003,,,0,,0,,0,0,0,0,,0
86,,6810140,1,20261003,840,57,17,,,,,,67,16,,,,,,3,202610030840,36.14305603525003,136.263889,,,0,,0,,0,0,0,0,,0
86,,6810150,1,20261003,840,,,,,,,,,,,,,,,3,202610030840,36.0772220351705,136.244444,,,1,,0,,0,0,0,0,,0
86,,6810160,1,20261003,840,64,27,,,,,,59,20,,,,,,3,202610030840,36.02444403510641,136.218333,,,0,,0,,0,0,0,0,,0
86,,6810165,1,20261003,840,140,4,,,,,,0,0,,,,,,3,202610030840,35.980555595052905,136.1958333,,,0,,0,,0,0,0,0,,0
86,,6810170,1,20261003,840,,,,,,,,,,,,,,,3,202610030840,35.95555603502233,136.188889,,,1,,0,,0,0,0,0,,0
86,,6810180,1,20261003,840,45,5,,,,,,39,1,,,,,,3,202610030840,35.878333034927515,136.169444,,,0,,0,,0,0,0,0,,0
86,,6810190,1,20261003,840,,,,,,,,,,,,,,,3,202610030840,35.719444034730536,136.094722,,,1,,0,,0,0,0,0,,0
86,,6810200,1,20261003,840,7,2,,,,,,5,1,,,,,,3,202610030840,35.66555603466316,136.083056,,,0,,0,,0,0,0,0,,0
86,,6810220,1,20261003,840,11,9,,,,,,22,2,,,,,,3,202610030840,35.60416703458605,136.107222,,,0,,0,,0,0,0,0,,0
86,,6810230,1,20261003,840,11,5,,,,,,13,5,,,,,,3,202610030840,35.57603003455058,136.122756,,,0,,0,,0,0,0,0,,0
86,,6810240,1,20261003,840,29,5,,,,,,33,3,,,,,,3,202610030840,35.512778034470564,136.173333,,,0,,0,,0,0,0,0,,0
86,,6810241,1,20261003,840,17,4,,,,,,10,18,,,,,,3,202610030840,35.4322160343681,136.245092,,,0,,0,,0,0,0,0,,0
86,,6810250,1,20261003,840,36,5,,,,,,42,10,,,,,,3,202610030840,35.27555603416706,136.269444,,,0,,0,,0,0,0,0,,0
86,,6810260,1,20261003,840,32,7,,,,,,41,6,,,,,,3,202610030840,35.11611103396005,136.128333,,,0,,0,,0,0,0,0,,0
86,,6810270,1,20261003,840,24,5,,,,,,32,11,,,,,,3,202610030840,35.091944033928485,136.089722,,,0,,0,,0,0,0,0,,0
86,,6810280,1,20261003,840,0,0,,,,,,14,11,,,,,,3,202610030840,35.66000003465618,136.084722,,,0,,0,,0,0,0,0,,0
86,,6810290,1,20261003,840,71,12,,,,,,79,17,,,,,,3,202610030840,34.996111033802705,135.722222,,,0,,0,,0,0,0,0,,0
86,,6810300,1,20261003,840,0,0,,,,,,0,0,,,,,,3,202610030840,34.981944033784046,135.693056,,,0,,0,,0,0,0,0,,0
86,,6810310,1,20261003,840,81,8,,,,,,0,0,,,,,,3,202610030840,34.981944033784046,135.692917,,,0,,0,,0,0,0,0,,0
86,,6810320,1,20261003,840,61,10,,,,,,75,11,,,,,,3,202610030840,34.992500033797945,135.64750000000004,,,0,,0,,0,0,0,0,,0
86,,6810330,1,20261003,840,63,12,,,,,,80,9,,,,,,3,202610030840,34.989722033794294,135.636667,,,0,,0,,0,0,0,0,,0
86,,6810335,1,20261003,840,30,4,,,,,,42,1,,,,,,3,202610030840,35.488936034440314,135.756215,,,0,,0,,0,0,0,0,,0
86,,6810340,1,20261003,840,1,1,,,,,,2,1,,,,,,3,202610030840,35.12222203396803,135.439444,,,0,,0,,0,0,0,0,,0
86,,6810343,1,20261003,840,,,,,,,,,,,,,,,3,202610030840,35.18777781405339,135.3219444,,,1,,0,,0,0,0,0,,0
86,,6810344,1,20261003,840,33,0,,,,,,25,7,,,,,,3,202610030840,35.24583336412865,135.2161111,,,0,,0,,0,0,0,0,,0
86,,6810346,1,20261003,840,38,3,,,,,,25,4,,,,,,3,202610030840,35.28305559417674,135.1777778,,,0,,0,,0,0,0,0,,0
86,,6810348,1,20261003,840,36,8,,,,,,37,11,,,,,,3,202610030840,35.3139820342166,135.101491,,,0,,0,,0,0,0,0,,0
86,,6810360,1,20261003,840,5,2,,,,,,7,3,,,,,,3,202610030840,35.333611034241834,134.917222,,,0,,0,,0,0,0,0,,0
86,,6810365,1,20261003,840,38,6,,,,,,39,4,,,,,,3,202610030840,36.25913403538918,136.286774,,,0,,0,,0,0,0,0,,0
86,,6810370,1,20261003,840,13,6,,,,,,14,3,,,,,,3,202610030840,35.38305603430526,134.671667,,,0,,0,,0,0,0,0,,0
86,,6810390,1,20261003,840,11,4,,,,,,20,5,,,,,,3,202610030840,35.48083303443001,134.585278,,,0,,0,,0,0,0,0,,0
86,,6810400,1,20261003,840,6,2,,,,,,15,3,,,,,,3,202610030840,35.50388903445929,134.533889,,,0,,0,,0,0,0,0,,0
86,,6810410,1,20261003,840,,,,,,,,,,,,,,,3,202610030840,35.5247220344857,134.4275,,,0,,0,,0,0,0,0,,1
86,,6810420,1,20261003,840,35,7,,,,,,47,6,,,,,,3,202610030840,35.33111103423862,136.352222,,,0,,0,,0,0,0,0,,0
86,,6810450,1,20261003,840,33,1,,,,,,5,7,,,,,,3,202610030840,34.229683032767404,135.169164,,,0,,0,,0,0,0,0,,0
86,,6810492,1,20261003,840,27,9,,,,,,30,2,,,,,,3,202610030840,34.5749167332401,135.6647778,,,0,,0,,0,0,0,0,,0
86,,6810500,1,20261003,840,,,,,,,,,,,,,,,3,202610030840,34.58000003324698,135.466581,,,1,,0,,0,0,0,0,,0
86,,6810510,1,20261003,840,,,,,,,,,,,,,,,3,202610030840,34.5797220332466,135.466581,,,1,,0,,0,0,0,0,,0
86,,6810540,1,20261003,840,,,,,,,,,,,,,,,3,202610030840,34.36000003294702,135.269444,,,1,,0,,0,0,0,0,,0
86,,6810550,1,20261003,840,,,,,,,,,,,,,,,3,202610030840,34.32270003289575,135.19756,,,1,,0,,0,0,0,0,,0
86,,6810551,1,20261003,840,60,11,,,,,,61,2,,,,,,3,202610030840,34.32488893289876,135.1913056,,,0,,0,,0,0,0,0,,0
86,,6810552,1,20261003,840,29,3,,,,,,30,6,,,,,,3,202610030840,34.31283333288218,135.1605,,,0,,0,,0,0,0,0,,0
86,,6810560,1,20261003,840,,,,,,,,,,,,,,,3,202610030840,34.24805603279281,135.175,,,1,,0,,0,0,0,0,,0
86,,6810580,1,20261003,840,69,1,,,,,,19,3,,,,,,3,202610030840,35.633611034623065,136.021389,,,0,,0,,0,0,0,0,,0
86,,6810590,1,20261003,840,31,3,,,,,,22,1,,,,,,3,202610030840,35.58083303455663,135.910417,,,0,,0,,0,0,0,0,,0
86,,6810610,1,20261003,840,32,2,,,,,,28,2,,,,,,3,202610030840,35.469444034415524,135.825,,,0,,0,,0,0,0,0,,0
86,,6810620,1,20261003,840,38,1,,,,,,25,6,,,,,,3,202610030840,35.483056034432835,135.666111,,,0,,0,,0,0,0,0,,0
86,,6810630,1,20261003,840,,,,,,,,,,,,,,,3,202610030840,35.48805603443919,135.595833,,,1,,0,,0,0,0,0,,0
86,,6810660,1,20261003,840,18,2,,,,,,24,10,,,,,,3,202610030840,35.48083303443001,135.421389,,,0,,0,,0,0,0,0,,0
86,,6810667,1,20261003,840,34,0,,,,,,48,2,,,,,,3,202610030840,35.46027781440387,135.3566667,,,0,,0,,0,0,0,0,,0
86,,6810670,1,20261003,840,30,4,,,,,,22,6,,,,,,3,202610030840,35.414167034345056,135.333056,,,0,,0,,0,0,0,0,,0
86,,6810671,1,20261003,840,35,3,,,,,,43,8,,,,,,3,202610030840,35.37888892429992,135.3169444,,,0,,0,,0,0,0,0,,0
86,,6810730,1,20261003,840,69,6,,,,,,81,11,,,,,,3,202610030840,34.85305603361341,134.605278,,,0,,0,,0,0,0,0,,0
86,,6810740,1,20261003,840,30,4,,,,,,21,4,,,,,,3,202610030840,34.87691203364509,134.61312,,,0,,0,,0,0,0,0,,0
86,,6810750,1,20261003,840,26,3,,,,,,22,7,,,,,,3,202610030840,35.07068203390065,134.587422,,,0,,0,,0,0,0,0,,0
86,,6810760,1,20261003,840,14,2,,,,,,20,0,,,,,,3,202610030840,35.145672033998615,134.539014,,,0,,0,,0,0,0,0,,0
86,,6810770,1,20261003,840,49,3,,,,,,24,3,,,,,,3,202610030840,33.692375032012194,135.984591,,,0,,0,,0,0,0,0,,0
86,,6810780,1,20261003,840,,,,,,,,,,,,,,,3,202610030840,33.61777803190555,135.927061,,,1,,0,,0,0,0,0,,0
86,,6810790,1,20261003,840,,,,,,,,,,,,,,,3,202610030840,33.56853903183492,135.910197,,,1,,0,,0,0,0,0,,0
86,,6810800,1,20261003,840,,,,,,,,,,,,,,,3,202610030840,33.50323103174097,135.806228,,,1,,0,,0,0,0,0,,0
86,,6810810,1,20261003,840,13,3,,,,,,21,4,,,,,,3,202610030840,33.48392803171314,135.760481,,,0,,0,,0,0,0,0,,0
86,,6810820,1,20261003,840,,,,,,,,,,,,,,,3,202610030840,33.509890031750565,135.60639100000003,,,1,,0,,0,0,0,0,,0
86,,6810830,1,20261003,840,,,,,,,,,,,,,,,3,202610030840,33.51850003176297,135.57,,,1,,0,,0,0,0,0,,0
86,,6810840,1,20261003,840,6,2,,,,,,6,0,,,,,,3,202610030840,33.554167031814266,135.458889,,,0,,0,,0,0,0,0,,0
86,,6810850,1,20261003,840,43,2,,,,,,1,0,,,,,,3,202610030840,33.70273603202697,135.411942,,,0,,0,,0,0,0,0,,0
86,,6810860,1,20261003,840,56,6,,,,,,44,4,,,,,,3,202610030840,33.72250003205514,135.404722,,,0,,0,,0,0,0,0,,0
86,,6810880,1,20261003,840,,,,,,,,,,,,,,,3,202610030840,33.748889032092684,135.3275,,,1,,0,,0,0,0,0,,0
86,,6810890,1,20261003,840,20,0,,,,,,18,10,,,,,,3,202610030840,33.7811110321385,135.3025,,,0,,0,,0,0,0,0,,0
86,,6810900,1,20261003,840,20,2,,,,,,42,5,,,,,,3,202610030840,33.91892803233343,135.146508,,,0,,0,,0,0,0,0,,0
86,,6810910,1,20261003,840,24,1,,,,,,0,0,,,,,,3,202610030840,33.94659203237239,135.12965,,,0,,0,,0,0,0,0,,0
86,,6810920,1,20261003,840,32,8,,,,,,49,6,,,,,,3,202610030840,34.04305603250771,135.189722,,,0,,0,,0,0,0,0,,0
86,,6810930,1,20261003,840,,,,,,,,,,,,,,,3,202610030840,34.047035032513286,135.189167,,,1,,0,,0,0,0,0,,0
86,,6810950,1,20261003,840,,,,,,,,,,,,,,,3,202610030840,34.19539403271991,135.169583,,,1,,0,,0,0,0,0,,0
86,,6810960,1,20261003,840,10,0,,,,,,50,4,,,,,,3,202610030840,33.74962803209376,135.359472,,,0,,0,,0,0,0,0,,0
86,,6810980,1,20261003,840,,,,,,,,,,,,,,,3,202610030840,34.652222033344536,135.48972200000003,,,1,,0,,0,0,0,0,,0
86,,6810990,1,20261003,840,,,,,,,,,,,,,,,3,202610030840,35.551944034520155,136.098333,,,1,,0,,0,0,0,0,,0
86,,6811000,1,20261003,840,20,0,,,,,,5,1,,,,,,3,202610030840,35.530000034492396,136.094444,,,0,,0,,0,0,0,0,,0
86,,6811010,1,20261003,840,29,3,,,,,,33,2,,,,,,3,202610030840,35.47888903442754,136.083056,,,0,,0,,0,0,0,0,,0
86,,6811020,1,20261003,840,0,0,,,,,,0,0,,,,,,3,202610030840,35.39750003432375,136.024722,,,0,,0,,0,0,0,0,,0
86,,6811030,1,20261003,840,75,11,,,,,,71,18,,,,,,3,202610030840,35.28722203418211,136.018056,,,0,,0,,0,0,0,0,,0
86,,6811040,1,20261003,840,69,14,,,,,,55,7,,,,,,3,202610030840,35.24777803413116,135.960556,,,0,,0,,0,0,0,0,,0
86,,6811050,1,20261003,840,,,,,,,,,,,,,,,3,202610030840,35.237778034118236,135.943333,,,1,,0,,0,1,1,0,,0
86,,6811080,1,20261003,840,,,,,,,,,,,,,,,3,202610030840,34.71861103343382,135.569444,,,1,,0,,0,0,0,0,,0
86,,6811120,1,20261003,840,0,0,,,,,,16,3,,,,,,3,202610030840,35.0725560339031,135.008778,,,0,,0,,0,0,0,0,,0
86,,6811130,1,20261003,840,19,4,,,,,,41,1,,,,,,3,202610030840,35.12139403396696,135.005953,,,0,,0,,0,0,0,0,,0
86,,6811150,1,20261003,840,,,,,,,,,,,,,,,3,202610030840,35.16055603401799,135.066111,,,0,,0,,0,0,0,0,,1
86,,6811160,1,20261003,840,,,,,,,,,,,,,,,3,202610030840,35.23305603411212,135.020833,,,0,,0,,0,0,0,0,,1
86,,6811165,1,20261003,840,4,11,,,,,,14,5,,,,,,3,202610030840,35.28748503418245,134.977245,,,0,,0,,0,0,0,0,,0
86,,6811170,1,20261003,840,,,,,,,,,,,,,,,3,202610030840,35.29111103418713,134.970556,,,0,,0,,0,0,0,0,,1
86,,6811180,1,20261003,840,,,,,,,,,,,,,,,3,202610030840,35.30305603420252,134.92,,,0,,0,,0,0,0,0,,1
86,,6811190,1,20261003,840,,,,,,,,,,,,,,,3,202610030840,35.34500003425647,134.801111,,,0,,0,,0,0,0,0,,1
86,,6811200,1,20261003,840,,,,,,,,,,,,,,,3,202610030840,35.36333303427999,134.759167,,,0,,0,,0,0,0,0,,1
86,,6811210,1,20261003,840,30,4,,,,,,47,3,,,,,,3,202610030840,35.49942303445363,134.790538,,,0,,0,,0,0,0,0,,0
86,,6811220,1,20261003,840,25,2,,,,,,48,0,,,,,,3,202610030840,35.474942034422526,134.764925,,,0,,0,,0,0,0,0,,0
86,,6811230,1,20261003,840,20,2,,,,,,52,0,,,,,,3,202610030840,35.43722003437449,134.767839,,,0,,0,,0,0,0,0,,0
86,,6811260,1,20261003,840,61,4,,,,,,33,13,,,,,,3,202610030840,35.01754603383091,136.023618,,,0,,0,,0,0,0,0,,0
86,,6811310,1,20261003,840,197,15,,,,,,201,21,,,,,,3,202610030840,34.78856603352747,134.816183,,,0,,0,,0,0,0,0,,0
86,,6811320,1,20261003,840,,,,,,,,,,,,,,,3,202610030840,34.81472203356237,134.673055,,,1,,0,,0,0,0,0,,0
86,,6811340,1,20261003,840,124,8,,,,,,161,13,,,,,,3,202610030840,34.83503003358942,134.618945,,,0,,0,,0,0,0,0,,0
86,,6811400,1,20261003,840,24,6,,,,,,29,7,,,,,,3,202610030840,34.54152803319483,135.675417,,,0,,0,,0,0,0,0,,0
87,,7810030,1,20261003,840,89,14,0,,,,,92,12,0,,,,,3,202610030840,34.46130403308565,133.299608,,,0,0,0,0,0,0,0,0,0,0
87,,7810050,1,20261003,840,47,3,0,,,,,41,5,0,,,,,3,202610030840,34.405934033009984,133.010289,,,0,0,0,0,0,0,0,0,0,0
87,,7810060,1,20261003,840,45,7,0,,,,,28,7,0,,,,,3,202610030840,34.391480032990195,132.905302,,,0,0,0,0,0,0,0,0,0,0
87,,7810080,1,20261003,840,,,,,,,,53,7,0,,,,,3,202610030840,34.40409903300748,132.811446,,,0,0,0,0,0,0,0,0,0,0
87,,7810090,1,20261003,840,33,14,0,,,,,37,10,0,,,,,3,202610030840,34.37165503296302,132.548551,,,0,0,0,0,0,0,0,0,0,0
87,,7810100,1,20261003,840,0,1,0,,,,,34,2,0,,,,,3,202610030840,34.370314032961176,132.43065,,,0,0,0,0,0,0,0,0,0,0
87,,7810120,1,20261003,840,63,1,0,,,,,57,9,0,,,,,3,202610030840,34.40929103301459,133.075998,,,0,0,0,0,0,0,0,0,0,0
87,,7810130,1,20261003,840,53,2,0,,,,,24,0,0,,,,,3,202610030840,34.394348032994124,133.04909,,,0,0,0,0,0,0,0,0,0,0
87,,7810140,1,20261003,840,2,0,0,,,,,2,1,0,,,,,3,202610030840,34.186157032707094,132.173982,,,0,0,0,0,0,0,0,0,0,0
87,,7810150,1,20261003,840,51,10,0,,,,,18,5,0,,,,,3,202610030840,34.069307032544415,131.669576,,,0,0,0,0,0,0,0,0,0,0
87,,7810180,1,20261003,840,31,3,0,,,,,46,9,0,,,,,3,202610030840,34.03918803250232,131.248456,,,0,0,0,0,0,0,0,0,0,0
87,,7810220,1,20261003,840,100,13,0,,,,,134,5,0,,,,,3,202610030840,35.51908503447856,134.20671,,,0,0,0,0,0,0,0,0,0,0
87,,7810230,1,20261003,840,72,3,0,,,,,52,9,0,,,,,3,202610030840,35.523372034484,134.171906,,,0,0,0,0,0,0,0,0,0,0
87,,7810240,1,20261003,840,44,2,0,,,,,26,6,0,,,,,3,202610030840,35.527852034489676,134.139977,,,0,0,0,0,0,0,0,0,0,0
87,,7810250,1,20261003,840,43,0,0,,,,,21,8,0,,,,,3,202610030840,35.51594103447459,134.071698,,,0,0,0,0,0,0,0,0,0,0
87,,7810280,1,20261003,840,12,2,0,,,,,22,5,0,,,,,3,202610030840,35.50301603445818,133.70857000000004,,,0,0,0,0,0,0,0,0,0,0
87,,7810330,1,20261003,840,49,6,0,,,,,33,1,0,,,,,3,202610030840,35.46553703441056,133.4305,,,0,0,0,0,0,0,0,0,0,0
87,,7810350,1,20261003,840,46,4,0,,,,,56,2,0,,,,,3,202610030840,35.432832034368886,133.358295,,,0,0,0,0,0,0,0,0,0,0
87,,7810360,1,20261003,840,56,1,0,,,,,50,4,0,,,,,3,202610030840,35.43101403436657,133.331902,,,0,0,0,0,0,0,0,0,0,0
87,,7810380,1,20261003,840,39,9,0,,,,,30,3,0,,,,,3,202610030840,35.48149203443085,133.474531,,,0,0,0,0,0,0,0,0,0,0
87,,7810390,1,20261003,840,56,2,0,,,,,65,6,0,,,,,3,202610030840,35.476145034424064,133.461163,,,0,0,0,0,0,0,0,0,0,0
87,,7810400,1,20261003,840,44,6,0,,,,,67,5,0,,,,,3,202610030840,35.432832034368886,133.415136,,,0,0,0,0,0,0,0,0,0,0
87,,7810420,1,20261003,840,53,4,0,,,,,39,3,0,,,,,3,202610030840,35.50747003446383,133.61465,,,0,0,0,0,0,0,0,0,0,0
87,,7810430,1,20261003,840,15,2,0,,,,,54,1,0,,,,,3,202610030840,35.57299803454675,134.315436,,,0,0,0,0,0,0,0,0,0,0
87,,7810440,1,20261003,840,40,10,0,,,,,57,4,0,,,,,3,202610030840,35.40803703433723,133.302548,,,0,0,0,0,0,0,0,0,0,0
87,,7810480,1,20261003,840,18,1,0,,,,,20,6,0,,,,,3,202610030840,35.27600903416763,132.599938,,,0,0,0,0,0,0,0,0,0,0
87,,7810500,1,20261003,840,24,2,0,,,,,10,0,0,,,,,3,202610030840,35.198965034067925,132.455335,,,0,0,0,0,0,0,0,0,0,0
87,,7810530,1,20261003,840,2,4,0,,,,,3,0,0,,,,,3,202610030840,35.0882140339236,132.347724,,,0,0,0,0,0,0,0,0,0,0
87,,7810540,1,20261003,840,18,5,0,,,,,32,2,0,,,,,3,202610030840,35.05910603388547,132.317104,,,0,0,0,0,0,0,0,0,0,0
87,,7810550,1,20261003,840,0,0,0,,,,,0,0,0,,,,,3,202610030840,35.03529803385423,132.246444,,,0,0,0,0,0,0,0,0,0,0
87,,7810560,1,20261003,840,39,2,0,,,,,29,1,0,,,,,3,202610030840,34.96136103375689,132.144917,,,0,0,0,0,0,0,0,0,0,0
87,,7810570,1,20261003,840,38,2,0,,,,,52,4,0,,,,,3,202610030840,34.92234503370532,132.109083,,,0,0,0,0,0,0,0,0,0,0
87,,7810580,1,20261003,840,46,5,0,,,,,52,5,0,,,,,3,202610030840,34.90375903368071,132.105961,,,0,0,0,0,0,0,0,0,0,0
87,,7810590,1,20261003,840,54,5,0,,,,,44,2,0,,,,,3,202610030840,34.892214033665404,132.087679,,,0,0,0,0,0,0,0,0,0,0
87,,7810600,1,20261003,840,66,5,0,,,,,66,6,0,,,,,3,202610030840,34.886378033657664,132.069161,,,0,0,0,0,0,0,0,0,0,0
87,,7810610,1,20261003,840,39,2,0,,,,,7,2,0,,,,,3,202610030840,34.8693890336351,132.044972,,,0,0,0,0,0,0,0,0,0,0
87,,7810630,1,20261003,840,16,4,0,,,,,26,2,0,,,,,3,202610030840,34.69280003339916,131.858404,,,0,0,0,0,0,0,0,0,0,0
87,,7810640,1,20261003,840,16,5,0,,,,,43,2,0,,,,,3,202610030840,34.64982003334131,131.812549,,,0,0,0,0,0,0,0,0,0,0
87,,7810650,1,20261003,840,28,3,0,,,,,20,3,0,,,,,3,202610030840,34.603665033279,131.799331,,,0,0,0,0,0,0,0,0,0,0
87,,7810660,1,20261003,840,25,0,0,,,,,19,1,0,,,,,3,202610030840,34.56766203323026,131.793408,,,0,0,0,0,0,0,0,0,0,0
87,,7810670,1,20261003,840,4,1,0,,,,,13,0,0,,,,,3,202610030840,34.4411940330582,131.772423,,,0,0,0,0,0,0,0,0,0,0
87,,7810680,1,20261003,840,157,16,0,,,,,137,19,0,,,,,3,202610030840,35.44391203438301,133.070902,,,0,0,0,0,0,0,0,0,0,0
87,,7810700,1,20261003,840,43,1,0,,,,,36,6,0,,,,,3,202610030840,35.37289303429224,132.787156,,,0,0,0,0,0,0,0,0,0,0
87,,7810710,1,20261003,840,46,6,0,,,,,47,1,0,,,,,3,202610030840,35.37446803429426,132.777994,,,0,0,0,0,0,0,0,0,0,0
87,,7810730,1,20261003,840,32,2,0,,,,,30,3,0,,,,,3,202610030840,35.0087950338194,132.223163,,,0,0,0,0,0,0,0,0,0,0
87,,7810750,1,20261003,840,13,2,0,,,,,19,2,0,,,,,3,202610030840,34.66552003336244,131.809437,,,0,0,0,0,0,0,0,0,0,0
87,,7810780,1,20261003,840,1,1,0,,,,,18,1,0,,,,,3,202610030840,34.245635032789465,131.522947,,,0,0,0,0,0,0,0,0,0,0
87,,7810790,1,20261003,840,66,8,0,,,,,2,0,0,,,,,3,202610030840,34.190602032713265,131.483723,,,0,0,0,0,0,0,0,0,0,0
87,,7810800,1,20261003,840,71,3,0,,,,,0,0,0,,,,,3,202610030840,34.18878403271073,131.480083,,,0,0,0,0,0,0,0,0,0,0
87,,7810840,1,20261003,840,59,3,0,,,,,34,0,0,,,,,3,202610030840,35.47203803441882,134.240441,,,0,0,0,0,0,0,0,0,0,0
87,,7810850,1,20261003,840,62,9,0,,,,,94,3,0,,,,,3,202610030840,35.49999403445436,134.20171,,,0,0,0,0,0,0,0,0,0,0
87,,7810870,1,20261003,840,102,0,0,,,,,78,7,0,,,,,3,202610030840,34.52362703317051,133.901839,,,0,0,0,0,0,0,0,0,0,0
87,,7810900,1,20261003,840,30,2,0,,,,,36,6,0,,,,,3,202610030840,34.9118280336914,133.946407,,,0,0,0,0,0,0,0,0,0,0
87,,7810950,1,20261003,840,1,1,0,,,,,24,4,0,,,,,3,202610030840,35.3698230342883,134.215379,,,0,0,0,0,0,0,0,0,0,0
87,,7810960,1,20261003,840,39,5,0,,,,,44,4,0,,,,,3,202610030840,34.64456803333422,132.667015,,,0,0,0,0,0,0,0,0,0,0
87,,7810970,1,20261003,840,10,3,0,,,,,15,10,0,,,,,3,202610030840,34.68134903338374,132.742245,,,0,0,0,0,0,0,0,0,0,0
87,,7810980,1,20261003,840,12,4,0,,,,,9,2,0,,,,,3,202610030840,34.81798703356671,132.823527,,,0,0,0,0,0,0,0,0,0,0
87,,7810990,1,20261003,840,19,1,0,,,,,7,0,0,,,,,3,202610030840,34.86090703362384,132.793186,,,0,0,0,0,0,0,0,0,0,0
87,,7811010,1,20261003,840,8,5,0,,,,,10,1,0,,,,,3,202610030840,35.221765034097494,132.816639,,,0,0,0,0,0,0,0,0,0,0
87,,7811020,1,20261003,840,37,5,0,,,,,20,1,0,,,,,3,202610030840,35.33258003424051,132.907662,,,0,0,0,0,0,0,0,0,0,0
87,,7811070,1,20261003,840,76,5,0,,,,,1,6,0,,,,,3,202610030840,34.23547503277542,132.6053,,,0,0,0,0,0,0,0,0,0,0
87,,7811080,1,20261003,840,0,0,0,,,,,44,5,0,,,,,3,202610030840,34.220918032755264,132.662702,,,0,0,0,0,0,0,0,0,0,0
87,,7811090,1,20261003,840,16,0,0,,,,,9,0,0,,,,,3,202610030840,34.27213903282609,132.728126,,,0,0,0,0,0,0,0,0,0,0
87,,7811100,1,20261003,840,6,1,0,,,,,28,1,0,,,,,3,202610030840,34.33997203291951,132.948483,,,0,0,0,0,0,0,0,0,0,0
87,,7811120,1,20261003,840,9,0,0,,,,,12,1,0,,,,,3,202610030840,33.9055670323146,132.028679,,,0,0,0,0,0,0,0,0,0,0
87,,7811130,1,20261003,840,17,0,0,,,,,2,0,0,,,,,3,202610030840,33.93038903234958,131.978502,,,0,0,0,0,0,0,0,0,0,0
87,,7811140,1,20261003,840,18,2,0,,,,,99,2,0,,,,,3,202610030840,33.976741032414765,131.89892000000003,,,0,0,0,0,0,0,0,0,0,0
87,,7811150,1,20261003,840,88,12,0,,,,,88,2,0,,,,,3,202610030840,33.97531203241275,131.223377,,,0,0,0,0,0,0,0,0,0,0
87,,7811160,1,20261003,840,33,3,0,,,,,31,6,0,,,,,3,202610030840,34.0254670324831,131.108286,,,0,0,0,0,0,0,0,0,0,0
87,,7811170,1,20261003,840,20,3,0,,,,,0,0,0,,,,,3,202610030840,34.06179303253392,130.910708,,,0,0,0,0,0,0,0,0,0,0
87,,7811190,1,20261003,840,14,3,0,,,,,27,0,0,,,,,3,202610030840,34.372636032964365,131.13719,,,0,0,0,0,0,0,0,0,0,0
87,,7811200,1,20261003,840,0,0,0,,,,,54,4,0,,,,,3,202610030840,34.36655403295601,131.21721,,,0,0,0,0,0,0,0,0,0,0
87,,7811210,1,20261003,840,1,0,0,,,,,3,0,0,,,,,3,202610030840,34.36556503295465,131.327923,,,0,0,0,0,0,0,0,0,0,0
87,,7811220,1,20261003,840,30,4,0,,,,,15,3,0,,,,,3,202610030840,34.46117103308548,131.429169,,,0,0,0,0,0,0,0,0,0,0
87,,7811230,1,20261003,840,3,0,0,,,,,16,0,0,,,,,3,202610030840,34.53625103318765,131.50609,,,0,0,0,0,0,0,0,0,0,0
87,,7811240,1,20261003,840,63,1,0,,,,,46,0,0,,,,,3,202610030840,33.97863403241742,130.917824,,,0,0,0,0,0,0,0,0,0,0
87,,7811250,1,20261003,840,15,4,0,,,,,18,9,0,,,,,3,202610030840,34.371174032962365,131.269202,,,0,0,0,0,0,0,0,0,0,0
87,,7811260,1,20261003,840,11,0,0,,,,,33,0,0,,,,,3,202610030840,34.386217032983,131.345346,,,0,0,0,0,0,0,0,0,0,0
87,,7811280,1,20261003,840,80,4,0,,,,,58,3,0,,,,,3,202610030840,33.98188003242198,130.919334,,,0,0,0,0,0,0,0,0,0,0
87,,7811290,1,20261003,840,18,1,0,,,,,15,1,0,,,,,3,202610030840,34.66606703336319,131.689768,,,0,0,0,0,0,0,0,0,0,0
87,,7811300,1,20261003,840,13,1,0,,,,,27,0,0,,,,,3,202610030840,34.680670033382846,131.768346,,,0,0,0,0,0,0,0,0,0,0
87,,7811310,1,20261003,840,65,6,0,,,,,42,2,0,,,,,3,202610030840,34.274175032828886,132.632159,,,0,0,0,0,0,0,0,0,0,0
88,,8810010,1,20261003,840,14,3,0,,,,,23,3,0,,,,,3,202610030840,34.22576903276199,134.506281,,,0,0,0,0,0,0,0,0,0,0
88,,8810040,1,20261003,840,,,,,,,,,,,,,,,3,202610030840,34.21202803274294,134.426444,,,1,0,0,0,0,0,0,0,0,0
88,,8810050,1,20261003,840,,,,,,,,,,,,,,,3,202610030840,34.2426940327854,134.369389,,,1,0,0,0,0,0,0,0,0,0
88,,8810060,1,20261003,840,,,,,,,,,,,,,,,3,202610030840,34.24194403278437,134.333056,,,1,0,0,0,0,0,0,0,0,0
88,,8810070,1,20261003,840,,,,,,,,,,,,,,,3,202610030840,34.3096610328778,134.235686,,,1,0,0,0,0,0,0,0,0,0
88,,8810080,1,20261003,840,,,,,,,,,,,,,,,3,202610030840,34.323825032897304,134.203003,,,1,0,0,0,0,0,0,0,0,0
88,,8810090,1,20261003,840,,,,,,,,,,,,,,,3,202610030840,34.31055603287904,134.040556,,,1,0,0,0,0,0,0,0,0,0
88,,8810100,1,20261003,840,,,,,,,,,,,,,,,3,202610030840,34.31083303287942,134.040833,,,1,0,0,0,0,0,0,0,0,0
88,,8810110,1,20261003,840,,,,,,,,,,,,,,,3,202610030840,34.296344462859466,133.9267892,,,1,0,0,0,0,0,0,0,0,0
88,,8810120,1,20261003,840,87,3,0,,,,,56,2,0,,,,,3,202610030840,34.30830303287593,133.886,,,0,0,0,0,0,0,0,0,0,0
88,,8810130,1,20261003,840,,,,,,,,,,,,,,,3,202610030840,34.28116903283854,133.818719,,,1,0,0,0,0,0,0,0,0,0
88,,8810150,1,20261003,840,,,,,,,,,,,,,,,3,202610030840,33.79388903215663,132.931944,,,1,0,0,0,0,0,0,0,0,0
88,,8810160,1,20261003,840,44,5,0,,,,,59,1,0,,,,,3,202610030840,34.251008032796896,133.916925,,,0,0,0,0,0,0,0,0,0,0
88,,8810170,1,20261003,840,36,7,0,,,,,52,6,0,,,,,3,202610030840,34.183472032703364,133.834944,,,0,0,0,0,0,0,0,0,0,0
88,,8810180,1,20261003,840,8,3,0,,,,,25,3,0,,,,,3,202610030840,34.15741703266719,133.82277800000003,,,0,0,0,0,0,0,0,0,0,0
88,,8810210,1,20261003,840,24,2,0,,,,,21,12,0,,,,,3,202610030840,34.02985603248925,133.814811,,,0,0,0,0,0,0,0,0,0,0
88,,8810220,1,20261003,840,9,0,0,,,,,27,6,0,,,,,3,202610030840,33.99827503244498,133.788456,,,0,0,0,0,0,0,0,0,0,0
88,,8810270,1,20261003,840,19,7,0,,,,,8,1,0,,,,,3,202610030840,33.699149792021856,133.6898053,,,0,0,0,0,0,0,0,0,0,0
88,,8810310,1,20261003,840,13,1,0,,,,,0,0,0,,,,,3,202610030840,33.65416703195762,133.66,,,0,0,0,0,0,0,0,0,0,0
88,,8810340,1,20261003,840,,,,,,,,,,,,,,,3,202610030840,33.55527803181588,133.460556,,,1,0,0,0,0,0,0,0,0,0
88,,8810380,1,20261003,840,,,,,,,,,,,,,,,3,202610030840,33.555000031815474,133.139444,,,1,0,0,0,0,0,0,0,0,0
88,,8810400,1,20261003,840,,,,,,,,,,,,,,,3,202610030840,33.58111103185298,132.9925,,,1,0,0,0,0,0,0,0,0,0
88,,8810410,1,20261003,840,16,1,0,,,,,7,1,0,,,,,3,202610030840,33.61805603190595,132.933333,,,0,0,0,0,0,0,0,0,0,0
88,,8810420,1,20261003,840,17,0,0,,,,,10,1,0,,,,,3,202610030840,33.62777803191986,132.916389,,,0,0,0,0,0,0,0,0,0,0
88,,8810430,1,20261003,840,,,,,,,,,,,,,,,3,202610030840,33.646667031946905,132.905833,,,1,0,0,0,0,0,0,0,0,0
88,,8810450,1,20261003,840,,,,,,,,,,,,,,,3,202610030840,33.68178252199708,132.8835762,,,1,0,0,0,0,0,0,0,0,0
88,,8810510,1,20261003,840,,,,,,,,,,,,,,,3,202610030840,33.73555603207373,132.811667,,,1,0,0,0,0,0,0,0,0,0
88,,8810520,1,20261003,840,,,,,,,,,,,,,,,6,202610030840,33.80277803216924,132.7775,,,1,0,0,0,0,0,0,0,0,0
88,,8810530,1,20261003,840,,,,,,,,,,,,,,,3,202610030840,33.80679213217494,132.7455604,,,1,0,0,0,0,0,0,0,0,0
88,,8810560,1,20261003,840,6,0,0,,,,,7,0,0,,,,,3,202610030840,33.883114032282926,134.645522,,,0,0,0,0,0,0,0,0,0,0
88,,8810570,1,20261003,840,42,4,0,,,,,17,7,0,,,,,3,202610030840,33.87310303226879,134.637228,,,0,0,0,0,0,0,0,0,0,0
88,,8810580,1,20261003,840,32,1,0,,,,,22,1,0,,,,,3,202610030840,33.8064830321745,134.590708,,,0,0,0,0,0,0,0,0,0,0
88,,8810640,1,20261003,840,16,7,0,,,,,11,3,0,,,,,3,202610030840,33.72289703205572,134.519397,,,0,0,0,0,0,0,0,0,0,0
88,,8810660,1,20261003,840,21,3,0,,,,,19,0,0,,,,,3,202610030840,33.66041903196656,134.406369,,,0,0,0,0,0,0,0,0,0,0
88,,8810670,1,20261003,840,27,0,0,,,,,8,3,0,,,,,3,202610030840,33.58200303185425,134.323467,,,0,0,0,0,0,0,0,0,0,0
88,,8810690,1,20261003,840,,,,,,,,,,,,,,,3,202610030840,33.49111103172349,134.261667,,,1,0,0,0,0,0,0,0,0,0
88,,8810720,1,20261003,840,,,,,,,,,,,,,,,3,202610030840,33.33499901149748,134.1973409,,,1,0,0,0,0,0,0,0,0,0
88,,8810730,1,20261003,840,0,0,0,,,,,6,1,0,,,,,3,202610030840,33.2510477313752,134.1807112,,,0,0,0,0,0,0,0,0,0,0
88,,8810740,1,20261003,840,,,,,,,,,,,,,,,3,202610030840,33.29972203144615,134.123333,,,1,0,0,0,0,0,0,0,0,0
88,,8810750,1,20261003,840,,,,,,,,,,,,,,,3,202610030840,33.371439791550394,134.039855,,,1,0,0,0,0,0,0,0,0,0
88,,8810760,1,20261003,840,18,2,0,,,,,39,1,0,,,,,3,202610030840,33.42416703162678,134.023333,,,0,0,0,0,0,0,0,0,0,0
88,,8810780,1,20261003,840,40,1,0,,,,,37,9,0,,,,,3,202610030840,33.441944031652504,133.966111,,,0,0,0,0,0,0,0,0,0,0
88,,8810820,1,20261003,840,,,,,,,,,,,,,,,3,202610030840,33.5033880317412,133.878652,,,1,0,0,0,0,0,0,0,0,0
88,,8810840,1,20261003,840,,,,,,,,,,,,,,,3,202610030840,33.525000031772315,133.760278,,,1,0,0,0,0,0,0,0,0,0
88,,8810850,1,20261003,840,,,,,,,,,,,,,,,3,202610030840,33.42055603162157,133.301944,,,1,0,0,0,0,0,0,0,0,0
88,,8810880,1,20261003,840,6,0,0,,,,,4,0,0,,,,,3,202610030840,33.3074340314574,133.179556,,,0,0,0,0,0,0,0,0,0,0
88,,8810890,1,20261003,840,8,3,0,,,,,0,0,0,,,,,3,202610030840,33.28855103142989,133.172023,,,0,0,0,0,0,0,0,0,0,0
88,,8810910,1,20261003,840,6,2,0,,,,,0,0,0,,,,,3,202610030840,33.266597031397886,133.171467,,,0,0,0,0,0,0,0,0,0,0
88,,8810920,1,20261003,840,24,5,0,,,,,31,3,0,,,,,3,202610030840,33.21880803132811,133.140708,,,0,0,0,0,0,0,0,0,0,0
88,,8810940,1,20261003,840,24,3,0,,,,,29,3,0,,,,,3,202610030840,33.0089042010197,132.9856986,,,0,0,0,0,0,0,0,0,0,0
88,,8810960,1,20261003,840,16,2,0,,,,,10,5,0,,,,,3,202610030840,32.97816103097427,132.889125,,,0,0,0,0,0,0,0,0,0,0
88,,8810970,1,20261003,840,12,5,0,,,,,11,1,0,,,,,3,202610030840,32.977644030973515,132.885636,,,0,0,0,0,0,0,0,0,0,0
88,,8811000,1,20261003,840,44,4,0,,,,,9,0,0,,,,,3,202610030840,32.96687203095758,132.865489,,,0,0,0,0,0,0,0,0,0,0
88,,8811020,1,20261003,840,,,,,,,,,,,,,,,3,202610030840,32.96457803095418,132.816661,,,1,0,0,0,0,0,0,0,0,0
88,,8811040,1,20261003,840,15,2,0,,,,,16,1,0,,,,,3,202610030840,32.95833303094494,132.796389,,,0,0,0,0,0,0,0,0,0,0
88,,8811050,1,20261003,840,0,0,0,,,,,0,0,0,,,,,3,202610030840,32.93641403091248,132.736475,,,0,0,0,0,0,0,0,0,0,0
88,,8811060,1,20261003,840,15,1,0,,,,,20,4,0,,,,,3,202610030840,32.969853030961985,132.683747,,,0,0,0,0,0,0,0,0,0,0
88,,8811070,1,20261003,840,,,,,,,,,,,,,,,3,202610030840,32.970303030962654,132.665209,,,1,0,0,0,0,0,0,0,0,0
88,,8811080,1,20261003,840,13,1,0,,,,,16,2,0,,,,,3,202610030840,32.95232903093605,132.60067,,,0,0,0,0,0,0,0,0,0,0
88,,8811090,1,20261003,840,,,,,,,,,,,,,,,3,202610030840,32.9541190309387,132.584276,,,1,0,0,0,0,1,1,0,0,0
88,,8811110,1,20261003,840,,,,,,,,,,,,,,,3,202610030840,33.04654603107523,132.48536,,,1,0,0,0,0,0,0,0,0,0
88,,8811130,1,20261003,840,4,3,0,,,,,31,5,0,,,,,3,202610030840,33.0789110311229,132.49507,,,0,0,0,0,0,0,0,0,0,0
88,,8811140,1,20261003,840,11,2,0,,,,,21,2,0,,,,,3,202610030840,33.11350003117377,132.518333,,,0,0,0,0,0,0,0,0,0,0
88,,8811150,1,20261003,840,,,,,,,,,,,,,,,3,202610030840,33.12469803119022,132.521282,,,1,0,0,0,0,1,1,0,0,0
88,,8811170,1,20261003,840,38,3,0,,,,,14,4,0,,,,,3,202610030840,33.49517003172935,132.54537,,,0,0,0,0,0,0,0,0,0,0
88,,8811180,1,20261003,840,6,1,0,,,,,11,1,0,,,,,3,202610030840,33.15677703123728,132.5469,,,0,0,0,0,0,0,0,0,0,0
88,,8811190,1,20261003,840,,,,,,,,,,,,,,,3,202610030840,33.264024031394136,132.552651,,,1,0,0,0,0,0,0,0,0,0
88,,8811210,1,20261003,840,92,9,0,,,,,45,13,0,,,,,3,202610030840,33.23340003134943,132.559577,,,0,0,0,0,0,0,0,0,0,0
88,,8811220,1,20261003,840,40,1,0,,,,,25,9,0,,,,,3,202610030840,33.21975503132949,132.55883,,,0,0,0,0,0,0,0,0,0,0
88,,8811230,1,20261003,840,56,14,0,,,,,49,11,0,,,,,3,202610030840,33.21400003132108,132.545961,,,0,0,0,0,0,0,0,0,0,0
88,,8811240,1,20261003,840,40,8,0,,,,,20,4,0,,,,,3,202610030840,33.187563031282394,132.543219,,,0,0,0,0,0,0,0,0,0,0
88,,8811250,1,20261003,840,,,,,,,,,,,,,,,3,202610030840,33.623917031914345,132.69675,,,1,0,0,0,0,0,0,0,0,0
88,,8811260,1,20261003,840,,,,,,,,,,,,,,,3,202610030840,33.63910303193607,132.70852,,,1,0,0,0,0,0,0,0,0,0
88,,8811300,1,20261003,840,44,4,0,,,,,29,5,0,,,,,3,202610030840,33.701111032024656,132.7075,,,0,0,0,0,0,0,0,0,0,0
88,,8811320,1,20261003,840,22,3,0,,,,,12,4,0,,,,,3,202610030840,33.99242782243679,133.6034113,,,0,0,0,0,0,0,0,0,0,0
88,,8811330,1,20261003,840,7,2,0,,,,,6,4,0,,,,,3,202610030840,33.99611044244195,133.6571521,,,0,0,0,0,0,0,0,0,0,0
88,,8811360,1,20261003,840,5,2,0,,,,,9,5,0,,,,,3,202610030840,34.015556032469206,133.77361100000002,,,0,0,0,0,0,0,0,0,0,0
88,,8811430,1,20261003,840,,,,,,,,,,,,,,,3,202610030840,33.981944032422064,132.778333,,,1,0,0,0,0,0,0,0,0,0
88,,8811450,1,20261003,840,,,,,,,,,,,,,,,3,202610030840,33.98044403241997,133.057088,,,1,0,0,0,0,0,0,0,0,0
89,,9810010,1,20261003,840,71,1,0,,,,,52,9,0,,,,,3,202610030840,33.86852803226232,130.79675,,,0,0,0,0,0,0,0,0,0,0
89,,9810020,1,20261003,840,,,,,,,,,,,,,,,3,202610030840,33.835259032215276,130.608521,,,1,0,0,0,0,0,0,0,0,0
89,,9810030,1,20261003,840,,,,,,,,,,,,,,,3,202610030840,33.78978203215081,130.567337,,,1,0,0,0,0,0,0,0,0,0
89,,9810040,1,20261003,840,175,16,0,,,,,146,16,0,,,,,3,202610030840,33.744955032087105,130.488242,,,0,0,0,0,0,0,0,0,0,0
89,,9810050,1,20261003,840,,,,,,,,,,,,,,,3,202610030840,33.73691203207566,130.478193,,,1,0,0,0,0,0,0,0,0,0
89,,9810070,1,20261003,840,117,22,0,,,,,135,22,0,,,,,3,202610030840,33.52600403177376,130.49557,,,0,0,0,0,0,0,0,0,0,0
89,,9810080,1,20261003,840,121,21,0,,,,,102,16,0,,,,,3,202610030840,33.51100303175216,130.511069,,,0,0,0,0,0,0,0,0,0,0
89,,9810090,1,20261003,840,131,13,0,,,,,157,17,0,,,,,3,202610030840,33.510200031751005,130.520977,,,0,0,0,0,0,0,0,0,0,0
89,,9810100,1,20261003,840,93,15,0,,,,,90,5,0,,,,,3,202610030840,33.477797031704284,130.53932,,,0,0,0,0,0,0,0,0,0,0
89,,9810120,1,20261003,840,,,,,,,,,,,,,,,3,202610030840,33.33966203150427,130.525942,,,1,,,,,,,,,
89,,9810130,1,20261003,840,21,2,0,,,,,27,7,0,,,,,3,202610030840,33.19870703129871,130.60119,,,0,0,0,0,0,0,0,0,0,0
89,,9810140,1,20261003,840,,,,,,,,,,,,,,,3,202610030840,33.170447031257325,130.617432,,,1,0,0,0,0,0,0,0,0,0
89,,9810150,1,20261003,840,143,14,0,,,,,138,18,0,,,,,3,202610030840,33.86806903226167,130.775199,,,0,0,0,0,0,0,0,0,0,0
89,,9810160,1,20261003,840,94,8,0,,,,,,,,,,,,3,202610030840,33.86432503225638,130.74688,,,0,0,0,0,0,0,0,0,0,0
89,,9810170,1,20261003,840,,,,,,,,,,,,,,,3,202610030840,33.648732031949855,130.441499,,,1,0,0,0,0,0,0,0,0,0
89,,9810180,1,20261003,840,120,11,0,,,,,145,17,0,,,,,3,202610030840,33.61500003190157,130.438611,,,0,0,0,0,0,0,0,0,0,0
89,,9810190,1,20261003,840,,,,,,,,,,,,,,,3,202610030840,33.4496850316637,130.546326,,,1,0,0,0,0,0,0,0,0,0
89,,9810200,1,20261003,840,,,,,,,,,,,,,,,3,202610030840,33.41916903161956,130.532642,,,1,,,,,,,,,
89,,9810210,1,20261003,840,40,7,0,,,,,38,4,0,,,,,3,202610030840,32.92737203089908,130.698429,,,0,0,0,0,0,0,0,0,0,0
89,,9810230,1,20261003,840,12,5,0,,,,,4,0,0,,,,,3,202610030840,32.33541003001024,130.485852,,,0,0,0,0,0,0,0,0,0,0
89,,9810240,1,20261003,840,6,1,0,,,,,8,1,0,,,,,3,202610030840,32.24685302987536,130.498828,,,0,0,0,0,0,0,0,0,0,0
89,,9810260,1,20261003,840,,,,,,,,,,,,,,,3,202610030840,32.06933302960361,130.240833,,,1,0,0,0,0,0,0,0,0,0
89,,9810270,1,20261003,840,,,,,,,,,,,,,,,3,202610030840,32.05996802958923,130.223169,,,1,0,0,0,0,0,0,0,0,0
89,,9810280,1,20261003,840,,,,,,,,,,,,,,,3,202610030840,32.00103302949858,130.195866,,,1,0,0,0,0,0,0,0,0,0
89,,9810290,1,20261003,840,,,,,,,,,,,,,,,3,202610030840,31.77354502914685,130.301221,,,1,0,0,0,0,0,0,0,0,0
89,,9810300,1,20261003,840,,,,,,,,,,,,,,,3,202610030840,31.752394029113987,130.297198,,,1,0,0,0,0,0,0,0,0,0
89,,9810310,1,20261003,840,,,,,,,,,,,,,,,3,202610030840,31.671780028988586,130.334671,,,1,0,0,0,0,0,0,0,0,0
89,,9810320,1,20261003,840,49,7,0,,,,,42,5,0,,,,,3,202610030840,31.644384028945897,130.514685,,,0,0,0,0,0,0,0,0,0,0
89,,9810330,1,20261003,840,77,11,0,,,,,69,4,0,,,,,3,202610030840,31.593127028865894,130.55217,,,0,0,0,0,0,0,0,0,0,0
89,,9810340,1,20261003,840,,,,,,,,,,,,,,,3,202610030840,31.774587029148464,130.294585,,,1,0,0,0,0,0,0,0,0,0
89,,9810350,1,20261003,840,,,,,,,,76,14,0,,,,,3,202610030840,31.586173028855043,130.521497,,,0,0,0,0,0,0,0,0,0,0
89,,9810360,1,20261003,840,,,,,,,,,,,,,,,3,202610030840,33.6356250319311,131.074923,,,1,,,,,,,,,
89,,9810370,1,20261003,840,,,,,,,,,,,,,,,3,202610030840,33.60811903189171,131.1134,,,0,0,0,0,0,1,1,1,0,0
89,,9810380,1,20261003,840,36,7,0,,,,,31,6,0,,,,,3,202610030840,33.55407703181414,131.25154,,,0,0,0,0,0,0,0,0,0,0
89,,9810390,1,20261003,840,22,2,0,,,,,9,0,0,,,,,3,202610030840,33.47356403169818,131.495973,,,0,0,0,0,0,0,0,0,0,0
89,,9810400,1,20261003,840,26,4,0,,,,,33,6,0,,,,,3,202610030840,33.4199570316207,131.549075,,,0,0,0,0,0,0,0,0,0,0
89,,9810410,1,20261003,840,,,,,,,,,,,,,,,3,202610030840,33.35718603152971,131.497308,,,1,0,0,0,0,0,0,0,0,0
89,,9810420,1,20261003,840,136,11,0,,,,,143,19,0,,,,,3,202610030840,33.28844603142974,131.50415600000002,,,0,0,0,0,0,0,0,0,0,0
89,,9810430,1,20261003,840,83,8,0,,,,,73,6,0,,,,,3,202610030840,33.1773230312674,131.619615,,,0,0,0,0,0,0,0,0,0,0
89,,9810440,1,20261003,840,,,,,,,,74,10,0,,,,,3,202610030840,33.091164031140934,131.647172,,,0,0,0,0,0,0,0,0,0,0
89,,9810450,1,20261003,840,,,,,,,,,,,,,,,3,202610030840,33.07813503112177,131.638559,,,1,,,,,,,,,
89,,9810460,1,20261003,840,,,,,,,,,,,,,,,3,202610030840,33.03375103105637,131.689156,,,1,,,,,,,,,
89,,9810470,1,20261003,840,,,,,,,,,,,,,,,3,202610030840,33.001599031008915,131.788698,,,1,,,,,,,,,
89,,9810480,1,20261003,840,,,,,,,,,,,,,,,3,202610030840,32.95275303093668,131.841525,,,1,,,,,,,,,
89,,9810490,1,20261003,840,,,,,,,,,,,,,,,3,202610030840,32.92192503089102,131.801353,,,1,,,,,,,,,
89,,9810500,1,20261003,840,,,,,,,,,,,,,,,3,202610030840,32.84521503077709,131.718143,,,1,,,,,,,,,
89,,9810510,1,20261003,840,10,3,0,,,,,23,1,0,,,,,3,202610030840,33.53550003178742,131.301439,,,0,0,0,0,0,0,0,0,0,0
89,,9810520,1,20261003,840,,,,,,,,51,6,0,,,,,3,202610030840,33.17727003126732,131.636491,,,0,0,0,0,0,0,0,0,0,0
89,,9810530,1,20261003,840,,,,,,,,,,,,,,,3,202610030840,32.76588703065887,131.69922,,,1,,,,,,,,,
89,,9810540,1,20261003,840,,,,,,,,,,,,,,,3,202610030840,32.73308003060985,131.712307,,,1,,,,,,,,,
89,,9810550,1,20261003,840,,,,,,,,,,,,,,,3,202610030840,32.680641030531355,131.69547,,,1,,,,,,,,,
89,,9810560,1,20261003,840,,,,,,,,,,,,,,,3,202610030840,32.6162990304348,131.682165,,,1,,,,,,,,,
89,,9810580,1,20261003,840,,,,,,,,,,,,,,,3,202610030840,32.56240603035372,131.681538,,,1,,,,,,,,,
89,,9810590,1,20261003,840,,,,,,,,,,,,,,,3,202610030840,32.512945030279155,131.682071,,,1,,,,,,,,,
89,,9810600,1,20261003,840,,,,,,,,,,,,,,,3,202610030840,32.505475030267874,131.671612,,,1,,,,,,,,,
89,,9810610,1,20261003,840,,,,,,,,,,,,,,,3,202610030840,32.48380003023514,131.65983,,,1,,,,,,,,,
89,,9810620,1,20261003,840,,,,,,,,,,,,,,,3,202610030840,32.44750003018023,131.634167,,,1,,,,,,,,,
89,,9810630,1,20261003,840,,,,,,,,,,,,,,,3,202610030840,32.34169203001978,131.615818,,,1,,,,,,,,,
89,,9810640,1,20261003,840,,,,,,,,,,,,,,,3,202610030840,32.118920029679714,131.525151,,,1,,,,,,,,,
89,,9810650,1,20261003,840,,,,,,,,,,,,,,,3,202610030840,32.04093702955998,131.469141,,,1,,,,,,,,,
89,,9810660,1,20261003,840,,,,,,,,,,,,,,,3,202610030840,31.943136029409334,131.344339,,,1,0,0,0,0,0,0,0,0,0
89,,9810670,1,20261003,840,,,,,,,,,,,,,,,3,202610030840,31.95151902942227,131.26782500000002,,,1,0,0,0,0,0,0,0,0,0
89,,9810680,1,20261003,840,,,,,,,,,,,,,,,3,202610030840,31.916759029368613,131.228421,,,1,0,0,0,0,0,0,0,0,0
89,,9810690,1,20261003,840,,,,,,,,,,,,,,,3,202610030840,31.831007029235955,131.126939,,,1,0,0,0,0,0,0,0,0,0
89,,9810700,1,20261003,840,,,,,,,,,,,,,,,3,202610030840,31.70972202904765,131.054167,,,1,0,0,0,0,0,0,0,0,0
89,,9810710,1,20261003,840,,,,,,,,,,,,,,,3,202610030840,31.70997802904806,131.024809,,,1,0,0,0,0,0,0,0,0,0
89,,9810720,1,20261003,840,,,,,,,,,,,,,,,3,202610030840,31.661481028972545,130.889721,,,1,0,0,0,0,0,0,0,0,0
89,,9810730,1,20261003,840,,,,,,,,,,,,,,,3,202610030840,31.723242029068686,130.809578,,,1,0,0,0,0,0,0,0,0,0
89,,9810740,1,20261003,840,,,,,,,,,,,,,,,3,202610030840,33.30389903145224,130.368554,,,1,,,,,,,,,
89,,9810750,1,20261003,840,,,,,,,,,,,,,,,3,202610030840,33.27419603140898,130.293549,,,1,,,,,,,,,
89,,9810760,1,20261003,840,,,,,,,,,,,,,,,3,202610030840,33.26474303139519,130.245086,,,1,,,,,,,,,
89,,9810770,1,20261003,840,,,,,,,,,,,,,,,3,202610030840,33.26041603138888,130.218458,,,1,,,,,,,,,
89,,9810780,1,20261003,840,,,,,,,,,,,,,,,3,202610030840,33.23447503135101,130.18203100000002,,,1,,,,,,,,,
89,,9810790,1,20261003,840,,,,,,,,,,,,,,,3,202610030840,33.22225103133315,130.172161,,,1,,,,,,,,,
89,,9810800,1,20261003,840,,,,,,,,,,,,,,,3,202610030840,33.219025031328435,130.143217,,,1,,,,,,,,,
89,,9810810,1,20261003,840,,,,,,,,,,,,,,,3,202610030840,33.21595003132393,130.087452,,,1,,,,,,,,,
89,,9810820,1,20261003,840,,,,,,,,,,,,,,,3,202610030840,33.21877403132806,130.052459,,,1,,,,,,,,,
89,,9810830,1,20261003,840,,,,,,,,,,,,,,,3,202610030840,33.207839031312076,130.047967,,,1,,,,,,,,,
89,,9810840,1,20261003,840,,,,,,,,,,,,,,,3,202610030840,33.07291503111407,129.960829,,,1,0,0,0,0,0,0,0,0,0
89,,9810850,1,20261003,840,32,6,0,,,,,32,8,0,,,,,3,202610030840,32.995999031000636,129.948701,,,0,0,0,0,0,0,0,0,0,0
89,,9810860,1,20261003,840,,,,,,,,,,,,,,,3,202610030840,32.9044610308651,129.957531,,,1,0,0,0,0,0,0,0,0,0
89,,9810870,1,20261003,840,,,,,,,,,,,,,,,3,202610030840,32.8905010308444,129.971348,,,1,0,0,0,0,0,0,0,0,0
89,,9810890,1,20261003,840,,,,,,,,,,,,,,,3,202610030840,32.87494503082128,130.02412,,,1,0,0,0,0,0,0,0,0,0
89,,9810900,1,20261003,840,,,,,,,,,,,,,,,3,202610030840,32.83967403076884,130.024592,,,1,0,0,0,0,0,0,0,0,0
89,,9810910,1,20261003,840,,,,,,,,,,,,,,,3,202610030840,33.19594003129466,129.977938,,,1,0,0,0,0,0,0,0,0,0
89,,9810920,1,20261003,840,,,,,,,,,,,,,,,3,202610030840,33.191150031287656,129.943948,,,1,0,0,0,0,0,0,0,0,0
89,,9810930,1,20261003,840,,,,,,,,,,,,,,,3,202610030840,33.18881403128423,129.9054,,,1,0,0,0,0,0,0,0,0,0
89,,9810940,1,20261003,840,,,,,,,,,,,,,,,3,202610030840,32.97184603096493,131.383534,,,1,,,,,,,,,
89,,9810950,1,20261003,840,,,,,,,,,,,,,,,3,202610030840,32.96828103095967,131.382552,,,1,,,,,,,,,
89,,9810960,1,20261003,840,,,,,,,,,,,,,,,3,202610030840,32.96091703094877,131.248695,,,1,,,,,,,,,
89,,9810970,1,20261003,840,,,,,,,,,,,,,,,3,202610030840,33.03288603105509,131.537821,,,1,,,,,,,,,
89,,9810980,1,20261003,840,,,,,,,,,,,,,,,3,202610030840,33.00262303101042,131.45315500000004,,,1,,,,,,,,,
89,,9810990,1,20261003,840,,,,,,,,,,,,,,,3,202610030840,32.96097103094884,131.244117,,,1,0,0,0,0,0,0,0,0,0
89,,9811000,1,20261003,840,68,2,0,,,,,32,10,0,,,,,3,202610030840,32.93530403091085,131.035064,,,0,0,0,0,0,0,0,0,0,0
89,,9811010,1,20261003,840,,,,,,,,,,,,,,,3,202610030840,32.87672503082393,130.954853,,,1,0,0,0,0,0,0,0,0,0
89,,9811020,1,20261003,840,,,,,,,,,,,,,,,3,202610030840,32.614306030431806,130.462111,,,1,0,0,0,0,0,0,0,0,0
89,,9811030,1,20261003,840,,,,,,,,,,,,,,,3,202610030840,32.72539603059835,130.251342,,,1,,,,,,,,,
89,,9811040,1,20261003,840,,,,,,,,,,,,,,,3,202610030840,32.72077403059144,130.234748,,,1,,,,,,,,,
89,,9811050,1,20261003,840,,,,,,,,,,,,,,,3,202610030840,32.73587103061402,130.209003,,,1,,,,,,,,,
89,,9811060,1,20261003,840,,,,,,,,,,,,,,,3,202610030840,32.808908030723025,130.149506,,,1,,,,,,,,,
89,,9811070,1,20261003,840,,,,,,,,,,,,,,,3,202610030840,32.836521030764146,130.094768,,,1,,,,,,,,,
89,,9811080,1,20261003,840,,,,,,,,,,,,,,,3,202610030840,32.83196203075736,130.053336,,,1,,,,,,,,,
89,,9811090,1,20261003,840,,,,,,,,,,,,,,,3,202610030840,33.61888103190713,130.568781,,,0,0,0,0,0,1,1,0,0,0
89,,9811100,1,20261003,840,,,,,,,,,,,,,,,3,202610030840,33.61860003190672,130.579442,,,0,0,0,0,0,1,1,0,0,0
89,,9811110,1,20261003,840,,,,,,,,,,,,,,,3,202610030840,33.62194303191151,130.588462,,,1,,,,,,,,,
89,,9811120,1,20261003,840,,,,,,,,,,,,,,,3,202610030840,33.65684603196145,130.750269,,,1,,,,,,,,,
89,,9811130,1,20261003,840,,,,,,,,,,,,,,,3,202610030840,33.6514250319537,130.761828,,,1,,,,,,,,,
89,,9811140,1,20261003,840,,,,,,,,,,,,,,,3,202610030840,33.64137503193933,130.764099,,,1,,,,,,,,,
89,,9811150,1,20261003,840,,,,,,,,,,,,,,,3,202610030840,33.65331703195642,130.807798,,,1,,,,,,,,,
89,,9811170,1,20261003,840,,,,,,,,,,,,,,,3,202610030840,33.37200003155121,130.3311,,,1,,,,,,,,,
89,,9811180,1,20261003,840,,,,,,,,,,,,,,,3,202610030840,33.6231190319132,130.671342,,,1,,,,,,,,,
89,,9811190,1,20261003,840,,,,,,,,,,,,,,,3,202610030840,33.74379703208545,130.970335,,,1,0,0,0,0,0,0,0,0,0
89,,9811210,1,20261003,840,20,2,0,,,,,19,3,0,,,,,3,202610030840,33.50948303174998,130.110769,,,0,0,0,0,0,0,0,0,0,0
89,,9811220,1,20261003,840,7,2,0,,,,,14,4,0,,,,,3,202610030840,33.501667031738705,130.069167,,,0,0,0,0,0,0,0,0,0,0
89,,9811240,1,20261003,840,70,3,0,,,,,0,0,0,,,,,3,202610030840,33.522842031769216,130.168427,,,0,0,0,0,0,0,0,0,0,0
89,,9811250,1,20261003,840,60,1,0,,,,,0,0,0,,,,,3,202610030840,33.51344603175569,130.14563,,,0,0,0,0,0,0,0,0,0,0
89,,9811260,1,20261003,840,4,1,0,,,,,10,0,0,,,,,3,202610030840,33.45431303167039,130.042275,,,0,0,0,0,0,0,0,0,0,0
89,,9811270,1,20261003,840,53,3,0,,,,,37,24,0,,,,,3,202610030840,33.431110031636834,129.991737,,,0,0,0,0,0,0,0,0,0,0
89,,9811280,1,20261003,840,,,,,,,,,,,,,,,3,202610030840,33.348904031517684,129.933234,,,1,0,0,0,0,0,0,0,0,0
89,,9811290,1,20261003,840,,,,,,,,,,,,,,,3,202610030840,33.331844031492885,129.928169,,,1,0,0,0,0,0,0,0,0,0
89,,9811300,1,20261003,840,,,,,,,,,,,,,,,3,202610030840,33.268208031400235,129.88248900000002,,,1,0,0,0,0,0,0,0,0,0
89,,9811310,1,20261003,840,,,,,,,,,,,,,,,3,202610030840,33.24091903136041,129.850727,,,1,0,0,0,0,0,0,0,0,0
89,,9811320,1,20261003,840,22,0,0,,,,,36,4,0,,,,,3,202610030840,33.45989003167844,130.040128,,,0,0,0,0,0,0,0,0,0,0
89,,9811330,1,20261003,840,,,,,,,,,,,,,,,3,202610030840,33.38450403156936,129.984455,,,1,0,0,0,0,0,0,0,0,0
89,,9811340,1,20261003,840,,,,,,,,,,,,,,,6,202610030840,33.31161503146347,130.070351,,,1,,,,,,,,,
89,,9811350,1,20261003,840,,,,,,,,,,,,,,,3,202610030840,33.304966031453795,130.076971,,,1,,,,,,,,,
89,,9811360,1,20261003,840,50,5,0,,,,,46,5,0,,,,,3,202610030840,33.29002103143203,130.168151,,,0,0,0,0,0,0,0,0,0,0
89,,9811370,1,20261003,840,34,1,0,,,,,43,2,0,,,,,3,202610030840,33.327444031486486,130.034833,,,0,0,0,0,0,0,0,0,0,0
89,,9811380,1,20261003,840,,,,,,,,,,,,,,,3,202610030840,33.29362203143727,130.116435,,,1,0,0,0,0,0,0,0,0,0
89,,9811390,1,20261003,840,,,,,,,,,,,,,,,3,202610030840,33.03691103106103,129.918279,,,1,,,,,,,,,
89,,9811400,1,20261003,840,,,,,,,,,,,,,,,3,202610030840,32.90829103087079,130.661481,,,1,0,0,0,0,0,0,0,0,0
89,,9811410,1,20261003,840,36,2,0,,,,,30,2,0,,,,,3,202610030840,33.01722203103198,130.439722,,,0,0,0,0,0,0,0,0,0,0
89,,9811420,1,20261003,840,47,4,0,,,,,44,3,0,,,,,3,202610030840,33.05710503109079,130.465234,,,0,0,0,0,0,0,0,0,0,0
89,,9811450,1,20261003,840,32,11,0,,,,,40,4,0,,,,,3,202610030840,33.01280003102545,130.425184,,,0,0,0,0,0,0,0,0,0,0
89,,9811460,1,20261003,840,66,9,0,,,,,73,9,0,,,,,3,202610030840,33.140861031213944,130.422417,,,0,0,0,0,0,0,0,0,0,0
89,,9811461,1,20261003,840,59,8,0,,,,,41,4,0,,,,,3,202610030840,33.184560031278004,130.387933,,,0,0,0,0,0,0,0,0,0,0
89,,9811470,1,20261003,840,,,,,,,,,,,,,,,3,202610030840,33.0462530310748,130.431406,,,1,0,0,0,0,0,0,0,0,0
89,,9811480,1,20261003,840,52,6,0,,,,,37,7,0,,,,,3,202610030840,33.055717031088754,130.4292,,,0,0,0,0,0,0,0,0,0,0
89,,9811490,1,20261003,840,69,10,0,,,,,54,11,0,,,,,3,202610030840,33.069783031109466,130.42405,,,0,0,0,0,0,0,0,0,0,0
89,,9811500,1,20261003,840,65,11,0,,,,,55,10,0,,,,,3,202610030840,33.077520031120855,130.428242,,,0,0,0,0,0,0,0,0,0,0
89,,9811510,1,20261003,840,58,11,0,,,,,42,12,0,,,,,3,202610030840,33.08238303112801,130.433017,,,0,0,0,0,0,0,0,0,0,0
89,,9811520,1,20261003,840,53,5,0,,,,,61,8,0,,,,,3,202610030840,33.11826103118075,130.430375,,,0,0,0,0,0,0,0,0,0,0
89,,9811540,1,20261003,840,29,1,0,,,,,35,2,0,,,,,3,202610030840,33.15753403123839,130.478771,,,0,0,0,0,0,0,0,0,0,0
89,,9811550,1,20261003,840,31,3,0,,,,,45,10,0,,,,,3,202610030840,33.22942603134362,130.505954,,,0,0,0,0,0,0,0,0,0,0
89,,9811560,1,20261003,840,37,6,0,,,,,49,10,0,,,,,3,202610030840,33.23505203135184,130.507151,,,0,0,0,0,0,0,0,0,0,0
89,,9811570,1,20261003,840,38,4,0,,,,,37,15,0,,,,,3,202610030840,33.24799503137074,130.509483,,,0,0,0,0,0,0,0,0,0,0
89,,9811580,1,20261003,840,48,8,0,,,,,42,8,0,,,,,3,202610030840,33.25651503138319,130.509461,,,0,0,0,0,0,0,0,0,0,0
89,,9811590,1,20261003,840,0,0,0,,,,,21,5,0,,,,,3,202610030840,33.31995703147561,130.594037,,,0,0,0,0,0,0,0,0,0,0
89,,9811600,1,20261003,840,21,5,0,,,,,25,6,0,,,,,3,202610030840,33.345255031512394,130.730893,,,0,0,0,0,0,0,0,0,0,0
89,,9811610,1,20261003,840,29,4,0,,,,,22,3,0,,,,,3,202610030840,33.3437500315102,130.752694,,,0,0,0,0,0,0,0,0,0,0
89,,9811620,1,20261003,840,21,3,0,,,,,12,4,0,,,,,3,202610030840,33.33338803149515,130.801953,,,0,0,0,0,0,0,0,0,0,0
89,,9811650,1,20261003,840,25,4,0,,,,,32,2,0,,,,,3,202610030840,33.331960031493075,130.852326,,,0,0,0,0,0,0,0,0,0,0
89,,9811660,1,20261003,840,2,0,0,,,,,14,0,0,,,,,3,202610030840,33.307732031457824,130.915379,,,0,0,0,0,0,0,0,0,0,0
89,,9811670,1,20261003,840,31,4,0,,,,,30,3,0,,,,,3,202610030840,33.29883403144486,130.938844,,,0,0,0,0,0,0,0,0,0,0
89,,9811680,1,20261003,840,,,,,,,,,,,,,,,3,202610030840,33.29818903144393,130.952388,,,1,0,0,0,0,0,0,0,0,0
89,,9811690,1,20261003,840,23,4,0,,,,,21,5,0,,,,,3,202610030840,33.29921203144541,130.96937,,,0,0,0,0,0,0,0,0,0,0
89,,9811700,1,20261003,840,,,,,,,,,,,,,,,3,202610030840,33.261645031390664,131.01058,,,1,0,0,0,0,0,0,0,0,0
89,,9811710,1,20261003,840,19,6,0,,,,,37,1,0,,,,,3,202610030840,33.28000003141744,131.128611,,,0,0,0,0,0,0,0,0,0,0
89,,9811720,1,20261003,840,16,5,0,,,,,23,2,0,,,,,3,202610030840,33.237877031355964,131.175263,,,0,0,0,0,0,0,0,0,0,0
89,,9811730,1,20261003,840,,,,,,,,,,,,,,,3,202610030840,33.2405000313598,131.224187,,,1,0,0,0,0,0,0,0,0,0
89,,9811740,1,20261003,840,26,4,0,,,,,15,1,0,,,,,3,202610030840,33.25496403138093,131.328533,,,0,0,0,0,0,0,0,0,0,0
89,,9811750,1,20261003,840,25,12,0,,,,,12,4,0,,,,,3,202610030840,33.23715803135492,131.323213,,,0,0,0,0,0,0,0,0,0,0
89,,9811760,1,20261003,840,0,2,0,,,,,76,7,0,,,,,3,202610030840,33.18331803127619,131.452171,,,0,0,0,0,0,0,0,0,0,0
89,,9811770,1,20261003,840,,,,,,,,,,,,,,,3,202610030840,31.760789029127036,131.4707,,,1,0,0,0,0,0,0,0,0,0
89,,9811780,1,20261003,840,,,,,,,,,,,,,,,3,202610030840,31.559046028812634,131.38327000000004,,,1,0,0,0,0,0,0,0,0,0
89,,9811790,1,20261003,840,,,,,,,,,,,,,,,3,202610030840,31.547715028794922,131.378628,,,1,0,0,0,0,0,0,0,0,0
89,,9811800,1,20261003,840,,,,,,,,,,,,,,,3,202610030840,31.546675028793285,131.361225,,,1,0,0,0,0,0,0,0,0,0
89,,9811810,1,20261003,840,,,,,,,,,,,,,,,3,202610030840,31.45214102864519,131.212192,,,1,0,0,0,0,0,0,0,0,0
89,,9811820,1,20261003,840,,,,,,,,,,,,,,,3,202610030840,31.46555602866623,131.154444,,,1,0,0,0,0,0,0,0,0,0
89,,9811830,1,20261003,840,25,10,0,,,,,17,2,0,,,,,3,202610030840,31.447659028638157,131.051761,,,0,0,0,0,0,0,0,0,0,0
89,,9811840,1,20261003,840,,,,,,,,,,,,,,,3,202610030840,31.388108028544615,130.811533,,,1,0,0,0,0,0,0,0,0,0
89,,9811850,1,20261003,840,,,,,,,,,,,,,,,3,202610030840,31.41813502859181,130.764377,,,1,0,0,0,0,0,0,0,0,0
89,,9811860,1,20261003,840,,,,,,,,,,,,,,,3,202610030840,31.542976028787507,130.706877,,,1,0,0,0,0,0,0,0,0,0
89,,9811870,1,20261003,840,,,,,,,,,,,,,,,3,202610030840,31.557778028810663,130.718333,,,1,0,0,0,0,0,0,0,0,0
89,,9811880,1,20261003,840,,,,,,,,,,,,,,,3,202610030840,31.647658028950993,130.819552,,,1,0,0,0,0,0,0,0,0,0
89,,9811900,1,20261003,840,,,,,,,,,,,,,,,3,202610030840,31.27982902837409,130.291795,,,1,0,0,0,0,0,0,0,0,0
89,,9811910,1,20261003,840,,,,,,,,,,,,,,,3,202610030840,31.2913800283923,130.293564,,,1,0,0,0,0,0,0,0,0,0
89,,9811920,1,20261003,840,5,0,0,,,,,9,1,0,,,,,3,202610030840,31.327343028448986,130.334728,,,0,0,0,0,0,0,0,0,0,0
89,,9811930,1,20261003,840,,,,,,,,,,,,,,,3,202610030840,31.494637028711818,130.506308,,,1,0,0,0,0,0,0,0,0,0
89,,9811940,1,20261003,840,,,,,,,,,,,,,,,3,202610030840,31.527877028763886,130.521631,,,1,0,0,0,0,0,0,0,0,0
89,,9811950,1,20261003,840,33,2,0,,,,,23,6,0,,,,,3,202610030840,31.289730028389716,130.60717200000002,,,0,0,0,0,0,0,0,0,0,0
89,,9811960,1,20261003,840,32,4,0,,,,,26,5,0,,,,,3,202610030840,31.323917028443603,130.564308,,,0,0,0,0,0,0,0,0,0,0
89,,9811970,1,20261003,840,,,,,,,,,,,,,,,3,202610030840,31.466390028667544,130.513245,,,1,0,0,0,0,0,0,0,0,0
89,,9811980,1,20261003,840,,,,,,,,,,,,,,,3,202610030840,33.34976603151893,129.764492,,,1,,,,,,,,,
89,,9812010,1,20261003,840,,,,,,,,,,,,,,,3,202610030840,33.13956403121204,129.784069,,,1,,,,,,,,,
89,,9812020,1,20261003,840,,,,,,,,,,,,,,,3,202610030840,33.28640603142677,130.150153,,,1,,,,,,,,,
89,,9812030,1,20261003,840,24,5,0,,,,,42,1,0,,,,,3,202610030840,33.0852950311323,131.637799,,,0,0,0,0,0,0,0,0,0,0
89,,9812040,1,20261003,840,34,1,0,,,,,5,0,0,,,,,3,202610030840,32.56861103036308,131.553056,,,0,0,0,0,0,0,0,0,0,0
89,,9812050,1,20261003,840,,,,,,,,,,,,,,,3,202610030840,33.55027803180869,130.478333,,,1,,,,,,,,,
89,,9812060,1,20261003,840,,,,,,,,,,,,,,,3,202610030840,32.92625003089743,131.00539,,,1,,,,,,,,,
89,,9812070,1,20261003,840,56,6,0,,,,,24,3,0,,,,,3,202610030840,32.90000003085849,130.933611,,,0,0,0,0,0,0,0,0,0,0
89,,9812080,1,20261003,840,,,,,,,,,,,,,,,3,202610030840,33.27595303141153,130.319462,,,1,0,0,0,0,0,0,0,0,0
89,,9812090,1,20261003,840,,,,,,,,,,,,,,,3,202610030840,33.59653803187511,130.611685,,,1,,,,,,,,,
89,,9812100,1,20261003,840,57,4,0,,,,,45,6,0,,,,,3,202610030840,33.05235003108379,130.430417,,,0,0,0,0,0,0,0,0,0,0
89,,9812110,1,20261003,840,71,24,0,,,,,9,17,0,,,,,3,202610030840,33.15888903124039,129.761111,,,0,0,0,0,0,0,0,0,0,0
89,,9812120,1,20261003,840,59,8,0,,,,,62,11,0,,,,,3,202610030840,31.737096029090242,130.677414,,,0,0,0,0,0,0,0,0,0,0
89,,9812130,1,20261003,840,27,3,0,,,,,34,3,0,,,,,3,202610030840,33.32114903147733,130.391671,,,0,0,0,0,0,0,0,0,0,0
89,,9812140,1,20261003,840,,,,,,,,,,,,,,,3,202610030840,32.733917030611096,130.31245,,,1,0,0,0,0,0,0,0,0,0
89,,9812150,1,20261003,840,19,0,0,,,,,2,2,0,,,,,3,202610030840,33.06265303109897,129.960344,,,0,0,0,0,0,0,0,0,0,0
90,,10810020,1,20261003,840,22,2,0,,,,,36,0,0,,,,,3,202610030840,26.424849820394154,127.81697970000002,,,0,0,0,0,0,0,0,0,0,0
90,,10810030,1,20261003,840,20,0,0,,,,,67,5,0,,,,,3,202610030840,26.20527802002984,127.672778,,,0,0,0,0,0,0,0,0,0,0
90,,10810040,1,20261003,840,43,11,0,,,,,34,4,0,,,,,3,202610030840,26.206111020031226,127.665833,,,0,0,0,0,0,0,0,0,0,0
90,,10810050,1,20261003,840,22,2,0,,,,,12,0,0,,,,,3,202610030840,26.69152402083745,128.108879,,,0,,,,,,,,,
90,,10810060,1,20261003,840,0,0,0,,,,,0,0,0,,,,,3,202610030840,26.634931020743306,128.037283,,,0,,,,,,,,,
90,,10810070,1,20261003,840,0,0,0,,,,,0,0,0,,,,,3,202610030840,26.60195202068847,127.99972500000001,,,0,,,,,,,,,
90,,10810080,1,20261003,840,27,0,0,,,,,41,2,0,,,,,3,202610030840,26.583164020657225,127.99781300000001,,,0,,,,,,,,,
90,,10810090,1,20261003,840,35,3,0,,,,,19,1,0,,,,,3,202610030840,26.573059020640425,127.989432,,,0,,,,,,,,,
90,,10810100,1,20261003,840,0,0,0,,,,,0,0,0,,,,,3,202610030840,26.558695020616547,127.976575,,,0,,,,,,,,,
90,,10810110,1,20261003,840,0,0,0,,,,,0,0,0,,,,,3,202610030840,26.547043020597176,127.96594700000001,,,0,,,,,,,,,
90,,10810120,1,20261003,840,121,14,0,,,,,50,5,0,,,,,3,202610030840,26.545420020594484,127.96513700000001,,,0,,,,,,,,,
90,,10810130,1,20261003,840,50,1,0,,,,,38,4,0,,,,,3,202610030840,26.541292020587623,127.95978,,,0,,,,,,,,,
90,,10810140,1,20261003,840,60,6,0,,,,,43,3,0,,,,,3,202610030840,26.536514020579673,127.935453,,,0,,,,,,,,,
90,,10810150,1,20261003,840,0,0,0,,,,,0,0,0,,,,,3,202610030840,26.51382402054197,127.901775,,,0,,,,,,,,,
90,,10810160,1,20261003,840,71,0,0,,,,,30,1,0,,,,,3,202610030840,26.503684020525117,127.87991000000001,,,0,,,,,,,,,
90,,10810170,1,20261003,840,0,0,0,,,,,0,0,0,,,,,3,202610030840,26.49844302051641,127.86208000000002,,,0,,,,,,,,,
90,,10810180,1,20261003,840,0,0,0,,,,,0,0,0,,,,,3,202610030840,26.48233402048965,127.85135699999998,,,0,,,,,,,,,
90,,10810190,1,20261003,840,0,0,0,,,,,0,0,0,,,,,3,202610030840,26.44345902042506,127.805583,,,0,,,,,,,,,
90,,10810200,1,20261003,840,,,,,,,,,,,,,,,3,202610030840,26.338860020251406,127.7508,,,1,,,,,,,,,
90,,10810220,1,20261003,840,0,0,0,,,,,0,0,0,,,,,3,202610030840,26.26837002013446,127.73051999999998,,,0,,,,,,,,,
90,,10810230,1,20261003,840,51,10,0,,,,,66,10,0,,,,,3,202610030840,26.266310020131048,127.72327,,,0,,,,,,,,,
90,,10810240,1,20261003,840,0,0,0,,,,,0,0,0,,,,,3,202610030840,26.269040020135566,127.72616000000001,,,0,,,,,,,,,
90,,10810260,1,20261003,840,47,0,0,,,,,53,3,0,,,,,3,202610030840,26.273440020142868,127.71261000000001,,,0,,,,,,,,,
90,,10810270,1,20261003,840,0,0,0,,,,,0,0,0,,,,,3,202610030840,26.451180020437896,127.89631,,,0,,,,,,,,,
90,,10810280,1,20261003,840,19,1,0,,,,,42,0,0,,,,,3,202610030840,26.4491400204345,127.849893,,,0,,,,,,,,,
90,,10810290,1,20261003,840,33,0,0,,,,,20,0,0,,,,,3,202610030840,26.448972020434223,127.90855300000001,,,0,,,,,,,,,
90,,10810300,1,20261003,840,47,3,0,,,,,53,4,0,,,,,3,202610030840,26.30711002019872,127.81338,,,0,,,,,,,,,
90,,10810310,1,20261003,840,0,0,0,,,,,0,0,0,,,,,3,202610030840,26.287560020166286,127.81449,,,0,,,,,,,,,
90,,10810320,1,20261003,840,,,,,,,,,,,,,,,3,202610030840,26.22351002006007,127.76571,,,1,,,,,,,,,
90,,10810330,1,20261003,840,,,,,,,,,,,,,,,3,202610030840,26.200760020022358,127.75174999999999,,,1,,,,,,,,,
90,,10810340,1,20261003,840,59,1,0,,,,,68,2,0,,,,,3,202610030840,26.25841002011794,127.75767000000002,,,0,,,,,,,,,
90,,10810350,1,20261003,840,0,0,0,,,,,0,0,0,,,,,3,202610030840,26.24962002010336,127.74765,,,0,,,,,,,,,
90,,10810360,1,20261003,840,144,22,0,,,,,182,5,0,,,,,3,202610030840,26.25443002011134,127.73508000000001,,,0,,,,,,,,,
90,,10810370,1,20261003,840,168,4,0,,,,,182,4,0,,,,,3,202610030840,26.25456002011155,127.72416000000001,,,0,,,,,,,,,
90,,10810380,1,20261003,840,88,6,0,,,,,86,9,0,,,,,3,202610030840,26.169530019970612,127.65168,,,0,,,,,,,,,
90,,10810390,1,20261003,840,0,0,0,,,,,0,0,0,,,,,3,202610030840,26.154010019944888,127.65812,,,0,,,,,,,,,
90,,10810400,1,20261003,840,0,0,0,,,,,0,0,0,,,,,3,202610030840,26.130710019906292,127.66514,,,0,,,,,,,,,
90,,10810410,1,20261003,840,0,0,0,,,,,0,0,0,,,,,3,202610030840,26.11574001988149,127.66860000000001,,,0,,,,,,,,,
90,,10810420,1,20261003,840,0,0,0,,,,,0,0,0,,,,,3,202610030840,26.09400001984549,127.71590000000002,,,0,,,,,,,,,
90,,10810430,1,20261003,840,0,0,0,,,,,0,0,0,,,,,3,202610030840,26.128730019903006,127.75918999999999,,,0,,,,,,,,,
90,,10810440,1,20261003,840,0,0,0,,,,,0,0,0,,,,,3,202610030840,26.140140019921905,127.77529,,,0,,,,,,,,,
90,,10810450,1,20261003,840,0,0,0,,,,,0,0,0,,,,,3,202610030840,26.170060019971476,127.8265,,,0,,,,,,,,,
90,,10810460,1,20261003,840,0,0,0,,,,,0,0,0,,,,,3,202610030840,26.20426002002816,127.652556,,,0,,,,,,,,,
90,,10810470,1,20261003,840,0,0,0,,,,,0,0,0,,,,,3,202610030840,26.209250020036425,127.73744999999998,,,0,,,,,,,,,
90,,10810480,1,20261003,840,0,0,0,,,,,0,0,0,,,,,3,202610030840,26.18171001999079,127.73158000000001,,,0,,,,,,,,,
90,,10810490,1,20261003,840,0,0,0,,,,,0,0,0,,,,,3,202610030840,26.17543001998038,127.70638000000001,,,0,,,,,,,,,
90,,10810510,1,20261003,840,,,,,,,,,,,,,,,3,202610030840,26.17208001997483,127.69662,,,1,,,,,,,,,
90,,10810520,1,20261003,840,0,0,0,,,,,0,0,0,,,,,3,202610030840,26.17121001997338,127.67963999999999,,,0,,,,,,,,,
