地方整備局等番号,開発建設部／都道府県コード,常時観測点コード,収集時間フラグ（5分間／1時間）,観測年月日,時間帯,上り・小型交通量,上り・大型交通量,上り・車種判別不能交通量,上り・停電,上り・ループ異常,上り・超音波異常,上り・欠測,下り・小型交通量,下り・大型交通量,下り・車種判別不能交通量,下り・停電,下り・ループ異常,下り・超音波異常,下り・欠測,道路種別,時間コード,lat,lng,lng2,lat2,カメラプリセット位置,気象影響による映像不良,照度不足,突発事象（交通事故等）,サーバの稼働,カメラの映像受信,映像のデコード処理,デコード映像から映像解析機能への取込加工処理の失敗,映像解析機能のフリーズ,その他エラー
86,,6110010,1,20250702,405,3,6,0,0,0,0,0,1,1,0,0,0,0,0,3,202507020405,34.938138216795814,136.265283823013,,,,,,,,,,,,
86,,6110020,1,20250702,405,0,4,0,0,0,0,0,3,6,0,0,0,0,0,3,202507020405,34.990936305895495,136.115165948867,,,,,,,,,,,,
86,,6110030,1,20250702,405,1,3,1,0,0,0,0,3,2,0,0,0,0,0,3,202507020405,35.005385003512316,135.956851243972,,,,,,,,,,,,
86,,6110040,1,20250702,405,1,1,0,0,0,0,0,3,0,0,0,0,0,0,3,202507020405,34.95699292997823,135.913501381874,,,,,,,,,,,,
86,,6110050,1,20250702,405,14,5,0,0,0,0,0,10,5,0,0,0,0,0,3,202507020405,34.99087038445861,135.844525694847,,,,,,,,,,,,
86,,6110060,1,20250702,405,18,12,0,0,0,0,0,14,11,0,0,0,0,0,3,202507020405,34.99142632024544,135.831109285354,,,,,,,,,,,,
86,,6110070,1,20250702,405,17,12,0,0,0,0,0,13,7,0,0,0,0,0,3,202507020405,34.98630409707048,135.82777261734,,,,,,,,,,,,
86,,6110080,1,20250702,405,7,13,0,0,0,0,0,10,21,0,0,0,0,0,3,202507020405,34.91099177877929,135.744452476501,,,,,,,,,,,,
86,,6110090,1,20250702,405,19,27,0,0,0,0,0,20,19,0,0,0,0,0,3,202507020405,34.805311519271704,135.649480819702,,,,,,,,,,,,
86,,6110100,1,20250702,405,4,11,0,0,0,0,0,4,6,0,0,0,0,0,3,202507020405,34.81945711253497,135.720393061637,,,,,,,,,,,,
86,,6110110,1,20250702,405,8,0,0,0,0,0,0,17,2,0,0,0,0,0,3,202507020405,34.71960434074075,135.436824560165,,,,,,,,,,,,
86,,6110120,1,20250702,405,19,6,0,0,0,0,0,7,1,0,0,0,0,0,3,202507020405,34.64078623273222,135.106242299079,,,,,,,,,,,,
86,,6110130,1,20250702,405,15,37,0,0,0,0,0,15,40,0,0,0,0,0,3,202507020405,34.75756172115131,134.859353005886,,,,,,,,,,,,
86,,6110150,1,20250702,405,10,20,0,0,0,0,0,7,28,0,0,0,0,0,3,202507020405,34.847425137493005,134.578367471694,,,,,,,,,,,,
86,,6110160,1,20250702,405,5,14,0,0,0,0,0,6,19,0,0,0,0,0,3,202507020405,34.824513790274004,134.512607753276,,,,,,,,,,,,
86,,6110170,1,20250702,405,0,7,0,0,0,0,0,4,0,0,0,0,0,0,3,202507020405,36.23649392464164,136.286623477935,,,,,,,,,,,,
86,,6110180,1,20250702,405,0,2,0,0,0,0,0,1,3,0,0,0,0,0,3,202507020405,35.792989034822035,136.092793,,,,,,,,,,,,
86,,6110190,1,20250702,405,4,4,0,0,0,0,0,2,5,0,0,0,0,0,3,202507020405,35.62256603460919,136.08205800000002,,,,,,,,,,,,
86,,6110200,1,20250702,405,0,0,0,0,0,0,0,1,0,0,0,0,0,0,3,202507020405,35.319800029709974,136.279370784759,,,,,,,,,,,,
86,,6110210,1,20250702,405,2,6,0,0,0,0,0,4,5,0,0,0,0,0,3,202507020405,35.25049070224537,136.262805461883,,,,,,,,,,,,
86,,6110220,1,20250702,405,3,6,0,0,0,0,0,3,4,0,0,0,0,0,3,202507020405,35.135413702721344,136.168110072612,,,,,,,,,,,,
86,,6110230,1,20250702,405,1,3,0,0,0,0,0,5,7,0,0,0,0,0,3,202507020405,35.05193480694747,136.028718352317,,,,,,,,,,,,
86,,6110240,1,20250702,405,3,2,0,0,0,0,0,9,3,0,0,0,0,0,3,202507020405,34.97508726487281,135.666646957397,,,,,,,,,,,,
86,,6110250,1,20250702,405,4,4,0,0,0,0,0,2,1,0,0,0,0,0,3,202507020405,35.290674394918256,135.122528672218,,,,,,,,,,,,
86,,6110260,1,20250702,405,2,1,0,0,0,0,0,0,0,0,0,0,0,0,3,202507020405,35.33418386481987,134.859425425529,,,,,,,,,,,,
86,,6110270,1,20250702,405,1,0,0,0,0,0,0,2,0,0,0,0,0,0,3,202507020405,35.37906081109355,134.782794713974,,,,,,,,,,,,
86,,6110280,1,20250702,405,1,0,0,0,0,0,0,0,1,0,0,0,0,0,3,202507020405,35.39752934547739,134.617635011672,,,,,,,,,,,,
86,,6110290,1,20250702,405,0,17,0,0,0,0,0,3,1,0,0,0,0,0,3,202507020405,35.3445505431606,136.408736407756,,,,,,,,,,,,
86,,6110300,1,20250702,405,3,2,0,0,0,0,0,3,0,0,0,0,0,0,3,202507020405,34.929386538763445,135.767959356307,,,,,,,,,,,,
86,,6110310,1,20250702,405,9,3,0,0,0,0,0,11,7,0,0,0,0,0,3,202507020405,34.692826863672394,135.811829566955,,,,,,,,,,,,
86,,6110320,1,20250702,405,7,5,0,0,0,0,0,7,6,0,0,0,0,0,3,202507020405,34.49633103313339,135.742759,,,,,,,,,,,,
86,,6110330,1,20250702,405,2,4,0,0,0,0,0,6,0,0,0,0,0,0,3,202507020405,34.255336527005475,135.221571922302,,,,,,,,,,,,
86,,6110340,1,20250702,405,22,4,0,0,0,0,0,11,6,0,0,0,0,0,3,202507020405,34.59261679509626,135.476585626602,,,,,,,,,,,,
86,,6110350,1,20250702,405,18,8,0,0,0,0,0,9,2,0,0,0,0,0,3,202507020405,34.492391818044126,135.423381328582,,,,,,,,,,,,
86,,6110361,1,20250702,405,8,3,0,0,0,0,0,1,5,0,0,0,0,0,3,202507020405,34.27701629033371,135.164935521261,,,,,,,,,,,,
86,,6110362,1,20250702,405,8,2,0,0,0,0,0,2,4,0,0,0,0,0,3,202507020405,34.265713194676096,135.165954437361,,,,,,,,,,,,
86,,6110370,1,20250702,405,1,0,0,0,0,0,0,2,2,0,0,0,0,0,3,202507020405,35.61308303459727,135.971192,,,,,,,,,,,,
86,,6110380,1,20250702,405,0,0,0,0,0,0,0,0,1,0,0,0,0,0,3,202507020405,35.486004106628485,135.463869273662,,,,,,,,,,,,
86,,6110390,1,20250702,405,6,1,0,0,0,0,0,0,4,0,0,0,0,0,3,202507020405,35.30401991598347,135.272947382363,,,,,,,,,,,,
86,,6110410,1,20250702,405,1,0,0,0,0,0,0,2,0,0,0,0,0,0,3,202507020405,34.99524305806187,134.558363556861,,,,,,,,,,,,
86,,6110420,1,20250702,405,0,0,0,0,0,0,0,0,0,0,0,0,0,0,3,202507020405,35.281340854617625,134.54649746418,,,,,,,,,,,,
86,,6110430,1,20250702,405,1,0,0,0,0,0,0,3,0,0,0,0,0,0,3,202507020405,33.577233165562106,135.427241160067,,,,,,,,,,,,
86,,6110440,1,20250702,405,4,3,0,0,0,0,0,3,5,0,0,0,0,0,3,202507020405,34.143380032647656,135.20039,,,,,,,,,,,,
86,,6110450,1,20250702,405,21,30,0,0,0,0,0,18,32,0,0,0,0,0,3,202507020405,34.71254919312948,135.425688028335,,,,,,,,,,,,
86,,6110460,1,20250702,405,1,5,0,0,0,0,0,1,2,0,0,0,0,0,3,202507020405,35.431053158155514,136.016224622726,,,,,,,,,,,,
86,,6110470,1,20250702,405,0,1,0,0,0,0,0,1,8,0,0,0,0,0,3,202507020405,35.21341864052877,135.925826132297,,,,,,,,,,,,
86,,6110500,1,20250702,405,0,1,0,0,0,0,0,0,0,0,0,0,0,0,3,202507020405,35.10094221794055,135.892639160156,,,,,,,,,,,,
86,,6110510,1,20250702,405,0,0,0,0,0,0,0,0,0,0,0,0,0,0,3,202507020405,35.080206671418715,135.881878137588,,,,,,,,,,,,
86,,6110520,1,20250702,405,4,10,0,0,0,0,0,5,3,7,0,0,0,0,3,202507020405,35.00895503826151,135.838812589645,,,,,,,,,,,,
86,,6110530,1,20250702,405,8,5,0,0,0,0,0,7,13,0,0,0,0,0,3,202507020405,34.8925928963683,135.684016942977,,,,,,,,,,,,
86,,6110540,1,20250702,405,2,0,0,0,0,0,0,12,6,0,0,0,0,0,3,202507020405,34.686726631641484,134.982630014419,,,,,,,,,,,,
86,,6110550,1,20250702,405,2,1,0,0,0,0,0,0,0,0,0,0,0,0,3,202507020405,35.04658141349765,134.987468719482,,,,,,,,,,,,
86,,6110650,1,20250702,405,5,13,0,0,0,0,0,3,4,0,0,0,0,0,3,202507020405,34.53594852398045,135.777744054,,,,,,,,,,,,
86,,6110670,1,20250702,405,9,12,0,0,0,0,0,7,3,0,0,0,0,0,3,202507020405,34.486465033119956,135.763168,,,,,,,,,,,,
86,,6110700,1,20250702,405,4,5,0,0,0,0,0,2,5,0,0,0,0,0,3,202507020405,34.36883103295914,135.698397,,,,,,,,,,,,
86,,6110710,1,20250702,405,2,3,0,0,0,0,0,2,3,0,0,0,0,0,3,202507020405,34.346251032928144,135.675464,,,,,,,,,,,,
86,,6110720,1,20250702,405,3,3,0,0,0,0,0,1,3,0,0,0,0,0,3,202507020405,34.34307531292378,135.6723947,,,,,,,,,,,,
86,,6110730,1,20250702,405,2,4,0,0,0,0,0,1,1,0,0,0,0,0,3,202507020405,34.3344353954711,135.643944740295,,,,,,,,,,,,
86,,6110740,1,20250702,405,4,7,0,0,0,0,0,3,2,0,0,0,0,0,3,202507020405,34.32057809029414,135.595622062683,,,,,,,,,,,,
86,,6110750,1,20250702,405,3,1,0,0,0,0,0,4,10,0,0,0,0,0,3,202507020405,34.30420703287028,135.508371,,,,,,,,,,,,
86,,6110760,1,20250702,405,3,2,0,0,0,0,0,3,9,0,0,0,0,0,3,202507020405,34.300277802864876,135.49583333,,,,,,,,,,,,
86,,6110765,1,20250702,405,1,6,0,0,0,0,0,0,10,0,0,0,0,0,3,202507020405,34.293299032855266,135.42037,,,,,,,,,,,,
86,,6110780,1,20250702,405,1,5,0,0,0,0,0,0,5,0,0,0,0,0,3,202507020405,34.290835032851874,135.406025,,,,,,,,,,,,
86,,6110790,1,20250702,405,4,0,0,0,0,0,0,1,1,0,0,0,0,0,3,202507020405,34.28766234793788,135.279854549589,,,,,,,,,,,,
86,,6110810,1,20250702,405,0,1,0,0,0,0,0,0,0,0,0,0,0,0,3,202507020405,35.91898971813652,136.6293598948,,,,,,,,,,,,
86,,6110820,1,20250702,405,0,0,0,0,0,0,0,0,0,0,0,0,0,0,3,202507020405,35.963561035032136,136.602468,,,,,,,,,,,,
86,,6110840,1,20250702,405,0,0,0,0,0,0,0,0,0,0,0,0,0,0,3,202507020405,35.98949103506382,136.526729,,,,,,,,,,,,
86,,6110860,1,20250702,405,3,0,0,0,0,0,0,1,0,0,0,0,0,0,3,202507020405,36.062580031168245,136.445198357105,,,,,,,,,,,,
86,,6110870,1,20250702,405,0,2,0,0,0,0,0,4,1,0,0,0,0,0,3,202507020405,36.074224272699254,136.374473869296,,,,,,,,,,,,
86,,6110880,1,20250702,405,1,0,0,0,0,0,0,0,2,0,0,0,0,0,3,202507020405,36.086521994378465,136.324462164098,,,,,,,,,,,,
86,,6110980,1,20250702,405,0,2,0,0,0,0,0,1,3,0,0,0,0,0,3,202507020405,35.30511375498357,134.89226102828903,,,,,,,,,,,,
86,,6111020,1,20250702,405,24,34,0,0,0,0,0,4,27,0,0,0,0,0,3,202507020405,34.61538892329484,135.8745,,,,,,,,,,,,
86,,6111030,1,20250702,405,0,0,0,0,0,0,0,1,1,0,0,0,0,0,3,202507020405,33.670648031981166,135.947246,,,,,,,,,,,,
86,,6111040,1,20250702,405,0,0,0,0,0,0,0,3,2,0,0,0,0,0,1,202507020405,33.74362082208521,135.40352793,,,,,,,,,,,,
86,,6111050,1,20250702,405,0,0,0,0,0,0,0,1,2,0,0,0,0,0,1,202507020405,33.67806806199178,135.40361475,,,,,,,,,,,,
86,,6111060,1,20250702,405,2,0,0,0,0,0,0,1,0,0,0,0,0,0,1,202507020405,33.63743103193369,135.410147,,,,,,,,,,,,
86,,6111070,1,20250702,405,1,0,0,0,0,0,0,3,2,0,0,0,0,0,1,202507020405,33.56605113183135,135.49421066,,,,,,,,,,,,
86,,6111080,1,20250702,405,0,0,0,0,0,0,0,2,2,0,0,0,0,0,1,202507020405,33.53123967178131,135.54653822,,,,,,,,,,,,
86,,6111090,1,20250702,405,0,0,0,0,0,0,0,4,1,0,0,0,0,0,3,202507020405,33.620083251908845,135.91802864,,,,,,,,,,,,
86,,6111094,1,20250702,405,2,0,0,0,0,0,0,0,0,0,0,0,0,0,3,202507020405,33.73308003207021,136.004619,,,,,,,,,,,,
86,,6111100,1,20250702,405,1,4,0,0,0,0,0,0,2,0,0,0,0,0,3,202507020405,34.29138892285263,135.3613889,,,,,,,,,,,,
87,,7110100,1,20250702,405,2,1,0,0,0,0,0,1,0,0,0,0,0,0,3,202507020405,35.525440034486614,134.401402,,,,,,,,,,,,
87,,7110120,1,20250702,405,0,1,0,0,0,0,0,0,0,0,0,0,0,0,3,202507020405,35.52073503448066,133.602321,,,,,,,,,,,,
87,,7110130,1,20250702,405,3,6,0,0,0,0,0,3,4,0,0,0,0,0,3,202507020405,35.41880503435098,133.370183,,,,,,,,,,,,
87,,7110220,1,20250702,405,0,1,0,0,0,0,0,0,0,0,0,0,0,0,3,202507020405,35.19265103405972,134.203535,,,,,,,,,,,,
87,,7310050,1,20250702,405,0,0,0,0,0,0,0,0,0,0,0,0,0,0,3,202507020405,35.52642103448786,134.014803,,,,,,,,,,,,
87,,7310070,1,20250702,405,2,1,0,0,0,0,0,0,0,0,0,0,0,0,3,202507020405,35.51442503447265,134.020507,,,,,,,,,,,,
87,,7310080,1,20250702,405,1,2,0,0,0,0,0,0,3,0,0,0,0,0,3,202507020405,35.50773503446417,133.951629,,,,,,,,,,,,
87,,7310100,1,20250702,405,1,1,0,0,0,0,0,1,0,0,0,0,0,0,3,202507020405,35.508808034465545,133.493736,,,,,,,,,,,,
87,,7310130,1,20250702,405,,,,0,0,0,1,,,,0,0,0,1,3,202507020405,35.419582034351976,134.259336,,,,,,,,,,,,
87,,7310190,1,20250702,405,0,0,0,0,0,1,0,0,0,0,0,0,1,0,3,202507020405,35.48752003443851,134.19798,,,,,,,,,,,,
87,,7310200,1,20250702,405,3,2,0,0,0,0,0,2,1,0,0,0,0,0,3,202507020405,35.56082603453137,134.284636,,,,,,,,,,,,
87,,7310210,1,20250702,405,3,5,0,0,0,0,0,0,2,0,0,0,0,0,3,202507020405,35.50841503446504,133.518074,,,,,,,,,,,,
87,,7310220,1,20250702,405,2,0,0,0,0,0,0,2,0,0,0,0,0,0,3,202507020405,35.527027804488625,134.13269444,,,,,,,,,,,,
87,,7310230,1,20250702,405,3,0,0,0,0,0,0,0,0,0,0,0,0,0,3,202507020405,35.51102780446835,134.20186111,,,,,,,,,,,,
87,,7310240,1,20250702,405,,,,0,0,0,1,,,,0,0,0,1,3,202507020405,35.397000034323106,134.20377777,,,,,,,,,,,,
87,,7310250,1,20250702,405,1,2,0,0,0,0,0,1,4,0,0,0,0,0,3,202507020405,35.21870003409352,134.3247,,,,,,,,,,,,
87,,7310610,1,20250702,405,1,3,0,0,0,0,0,0,1,0,0,0,0,0,3,202507020405,35.49457003444746,134.1603,,,,,,,,,,,,
87,,7310620,1,20250702,405,3,5,0,0,0,0,0,3,5,0,0,0,0,0,3,202507020405,35.50153003445631,134.0804,,,,,,,,,,,,
87,,7310630,1,20250702,405,2,6,0,0,0,0,0,1,4,0,0,0,0,0,3,202507020405,35.49990003445423,134.0626,,,,,,,,,,,,
87,,7310640,1,20250702,405,1,2,0,0,0,0,0,0,1,0,0,0,0,0,3,202507020405,35.50860003446527,134.0108,,,,,,,,,,,,
87,,7360010,1,20250702,405,0,0,0,0,0,0,0,1,1,0,0,0,0,0,1,202507020405,35.032454033850506,134.387568,,,,,,,,,,,,
87,,7360020,1,20250702,405,2,2,0,0,0,0,0,0,7,0,0,0,0,0,1,202507020405,35.07606803390771,134.346092,,,,,,,,,,,,
87,,7360030,1,20250702,405,0,0,0,0,0,0,0,52,4,0,0,0,0,0,3,202507020405,35.238191034118756,134.286932,,,,,,,,,,,,
87,,7360040,1,20250702,405,2,0,0,0,0,0,0,0,0,0,0,0,0,0,3,202507020405,35.284722034178905,134.227547,,,,,,,,,,,,
87,,7360060,1,20250702,405,1,1,0,0,0,0,0,0,0,0,0,0,0,0,1,202507020405,35.35362703426754,134.194581,,,,,,,,,,,,
87,,7360070,1,20250702,405,0,0,0,0,0,0,0,1,1,0,0,0,0,0,1,202507020405,35.37911003430021,134.204798,,,,,,,,,,,,
87,,7360080,1,20250702,405,1,1,0,0,0,0,0,0,0,0,0,0,0,0,1,202507020405,35.39104203431548,134.20339,,,,,,,,,,,,
87,,7360090,1,20250702,405,1,0,0,0,0,0,0,0,1,0,0,0,0,0,1,202507020405,35.40772703433684,134.206955,,,,,,,,,,,,
87,,7360100,1,20250702,405,1,3,0,0,0,0,0,1,2,0,0,0,0,0,1,202507020405,35.45862225662396,134.193141666666,,,,,,,,,,,,
87,,7360110,1,20250702,405,1,1,0,0,0,0,0,1,4,0,0,0,0,0,1,202507020405,35.113784033957025,134.331458,,,,,,,,,,,,
88,,8110010,1,20250702,405,2,2,0,0,0,0,0,3,0,0,0,0,0,0,3,202507020405,34.2207184500313,134.411544799804,,,,,,,,,,,,
88,,8110020,1,20250702,405,4,4,0,0,0,0,0,3,7,0,0,0,0,0,3,202507020405,34.30277465209332,134.084776639938,,,,,,,,,,,,
88,,8110030,1,20250702,405,3,8,0,0,0,0,0,7,3,0,0,0,0,0,3,202507020405,34.29671450737887,133.946895003318,,,,,,,,,,,,
88,,8110040,1,20250702,405,3,1,0,0,0,0,0,4,3,0,0,0,0,0,3,202507020405,34.17417938671837,133.715951442718,,,,,,,,,,,,
88,,8110050,1,20250702,405,1,1,0,0,0,0,0,3,1,0,0,0,0,0,3,202507020405,33.91236267641698,133.20324182510302,,,,,,,,,,,,
88,,8110060,1,20250702,405,3,2,0,0,0,0,0,0,3,0,0,0,0,0,3,202507020405,33.82431235182997,132.984384298324,,,,,,,,,,,,
88,,8110070,1,20250702,405,6,5,0,0,0,0,0,2,1,0,0,0,0,0,3,202507020405,34.28544169692582,134.00050163269,,,,,,,,,,,,
88,,8110080,1,20250702,405,2,2,0,0,0,0,0,2,2,0,0,0,0,0,3,202507020405,34.10608825909625,133.799223303794,,,,,,,,,,,,
88,,8110090,1,20250702,405,4,1,0,0,0,0,0,1,1,0,0,0,0,0,3,202507020405,34.028957826825085,133.828164339065,,,,,,,,,,,,
88,,8110100,1,20250702,405,0,0,0,0,0,0,0,2,3,0,0,0,0,0,3,202507020405,33.950764901704936,133.764853477478,,,,,,,,,,,,
88,,8110110,1,20250702,405,2,0,0,0,0,1,0,0,1,0,0,0,0,0,3,202507020405,33.58909346194513,133.626092746853,,,,,,,,,,,,
88,,8110115,1,20250702,405,4,0,0,0,0,0,0,2,1,0,0,0,0,0,3,202507020405,33.548205918990114,133.451582193374,,,,,,,,,,,,
88,,8110120,1,20250702,405,3,1,0,0,0,0,0,2,2,0,0,0,0,0,3,202507020405,33.543133969132924,133.402808904647,,,,,,,,,,,,
88,,8110130,1,20250702,405,3,2,0,0,0,0,0,3,1,2,0,0,0,0,3,202507020405,33.7476978963593,132.791587114334,,,,,,,,,,,,
88,,8110131,1,20250702,405,3,0,0,0,0,0,0,7,0,0,0,0,0,0,3,202507020405,33.793408870729856,134.592427611351,,,,,,,,,,,,
88,,8110140,1,20250702,405,1,2,0,0,0,0,0,0,0,0,0,0,0,0,3,202507020405,33.63466659400443,134.369745254516,,,,,,,,,,,,
88,,8110142,1,20250702,405,2,0,0,0,0,0,0,3,0,0,0,0,0,0,3,202507020405,33.74774819013548,134.53964678124,,,,,,,,,,,,
88,,8110150,1,20250702,405,1,0,0,0,0,0,0,1,0,0,0,0,0,0,3,202507020405,33.54318503179848,134.2936,,,,,,,,,,,,
88,,8110151,1,20250702,405,1,0,0,0,0,0,0,0,0,0,0,0,0,0,3,202507020405,33.42133103162269,134.025327,,,,,,,,,,,,
88,,8110160,1,20250702,405,2,1,0,0,0,0,0,0,0,0,0,0,0,0,3,202507020405,33.53924497073882,133.738444460766,,,,,,,,,,,,
88,,8110161,1,20250702,405,1,0,0,0,0,0,0,2,0,0,0,0,0,0,3,202507020405,33.520916544031145,133.780702650547,,,,,,,,,,,,
88,,8110162,1,20250702,405,4,0,0,0,0,0,0,7,0,0,0,0,0,0,3,202507020405,33.550342371512876,133.740176352243,,,,,,,,,,,,
88,,8110163,1,20250702,405,5,0,0,0,0,0,0,8,0,0,0,0,0,0,3,202507020405,33.55352220956595,133.721816021769,,,,,,,,,,,,
88,,8110164,1,20250702,405,0,1,0,0,0,0,0,0,1,0,0,0,0,0,3,202507020405,33.57127484589016,133.574287891387,,,,,,,,,,,,
88,,8110165,1,20250702,405,4,2,0,0,0,0,0,5,0,0,0,0,0,0,3,202507020405,33.56026408468244,133.633757829666,,,,,,,,,,,,
88,,8110166,1,20250702,405,4,2,0,0,0,0,0,5,0,0,0,0,0,0,3,202507020405,33.540965031795295,133.601005,,,,,,,,,,,,
88,,8110167,1,20250702,405,1,0,0,0,0,0,0,0,0,0,0,0,0,0,3,202507020405,33.5424317654246,133.583077945611,,,,,,,,,,,,
88,,8110170,1,20250702,405,0,0,0,0,0,0,0,4,3,0,0,0,0,0,3,202507020405,33.485055031714765,133.373125,,,,,,,,,,,,
88,,8110171,1,20250702,405,1,0,0,0,0,0,0,1,0,0,0,0,0,0,3,202507020405,33.40395558523113,133.288643360137,,,,,,,,,,,,
88,,8110172,1,20250702,405,1,0,0,0,0,0,0,1,1,0,0,0,0,0,3,202507020405,33.39236677628474,133.278601169586,,,,,,,,,,,,
88,,8110174,1,20250702,405,0,0,0,0,0,0,0,2,2,0,0,0,0,0,3,202507020405,33.18330330083646,133.144855499267,,,,,,,,,,,,
88,,8110180,1,20250702,405,0,0,0,0,0,0,0,0,0,0,0,0,0,0,3,202507020405,33.35817590038214,133.253152370452,,,,,,,,,,,,
88,,8110181,1,20250702,405,0,0,0,0,0,0,0,0,0,0,0,0,0,0,3,202507020405,32.974388919857596,132.933138888889,,,,,,,,,,,,
88,,8110182,1,20250702,405,0,1,0,0,0,0,0,1,1,0,0,0,0,0,3,202507020405,32.96811114207051,132.872277777778,,,,,,,,,,,,
88,,8110183,1,20250702,405,0,0,0,0,0,0,0,1,1,0,0,0,0,0,3,202507020405,32.95902780872377,132.776972222222,,,,,,,,,,,,
88,,8110190,1,20250702,405,1,1,0,0,0,0,0,1,0,0,0,0,0,0,3,202507020405,32.96996536793415,132.68920719623503,,,,,,,,,,,,
88,,8110191,1,20250702,405,0,0,0,0,0,0,0,0,0,0,0,0,0,0,3,202507020405,33.13903103121127,132.517477,,,,,,,,,,,,
88,,8110192,1,20250702,405,0,0,0,0,0,0,0,0,0,0,0,0,0,0,3,202507020405,33.14590213224344,132.52205863595,,,,,,,,,,,,
88,,8110200,1,20250702,405,0,1,0,0,0,0,0,1,0,0,0,0,0,0,3,202507020405,33.325562031483756,132.5285,,,,,,,,,,,,
88,,8110210,1,20250702,405,6,0,0,0,0,0,0,0,1,0,0,0,0,0,3,202507020405,33.81637909326473,132.744826823472,,,,,,,,,,,,
88,,8110230,1,20250702,405,3,1,0,0,0,0,0,1,1,0,0,0,0,0,3,202507020405,34.07022914227441,134.461130797863,,,,,,,,,,,,
88,,8110231,1,20250702,405,1,1,0,0,0,0,0,3,2,0,0,0,0,0,3,202507020405,34.03847794648641,134.520513564348,,,,,,,,,,,,
88,,8110232,1,20250702,405,2,2,0,0,0,0,0,4,4,0,0,0,0,0,3,202507020405,34.04120064204002,134.531005024909,,,,,,,,,,,,
88,,8110240,1,20250702,405,0,1,0,0,0,0,0,2,9,0,0,0,0,0,3,202507020405,34.03149633348104,132.829599380493,,,,,,,,,,,,
88,,8110250,1,20250702,405,0,0,0,0,0,0,0,4,1,0,0,0,0,0,3,202507020405,33.93004373774009,133.094837665557,,,,,,,,,,,,
88,,8111021,1,20250702,405,2,0,0,0,0,0,0,2,2,0,0,0,0,0,3,202507020405,33.50191403173908,133.309236,,,,,,,,,,,,
88,,8160020,1,20250702,405,2,0,0,0,0,0,0,1,2,0,0,0,0,0,1,202507020405,33.331092031491806,133.206098,,,,,,,,,,,,
88,,8160030,1,20250702,405,1,0,0,0,0,0,0,0,0,0,0,0,0,0,1,202507020405,33.23544203135242,133.159939,,,,,,,,,,,,
88,,8160040,1,20250702,405,1,1,0,0,0,0,0,0,0,0,0,0,0,0,1,202507020405,33.24742026280611,132.570131868124,,,,,,,,,,,,
88,,8160050,1,20250702,405,0,3,0,0,0,0,0,3,0,0,0,0,0,0,1,202507020405,33.33622666521378,132.557060122489,,,,,,,,,,,,
88,,8160060,1,20250702,405,2,1,0,0,0,0,0,3,0,0,0,0,0,0,1,202507020405,34.056139032526026,134.588624,,,,,,,,,,,,
88,,8310010,1,20250702,405,4,4,0,0,0,0,0,4,6,1,0,0,0,0,3,202507020405,34.152121047215225,134.579402804374,,,,,,,,,,,,
88,,8310020,1,20250702,405,3,1,0,0,0,0,0,6,4,0,0,0,0,0,3,202507020405,34.335875041773484,134.151295423507,,,,,,,,,,,,
88,,8310030,1,20250702,405,1,1,0,0,0,0,0,2,2,0,0,0,0,0,3,202507020405,33.79997204409725,132.86443054676,,,,,,,,,,,,
88,,8310040,1,20250702,405,1,0,0,0,0,0,0,5,1,0,0,0,0,0,3,202507020405,34.239532652899726,133.895906209945,,,,,,,,,,,,
88,,8310050,1,20250702,405,0,0,0,0,0,0,0,0,1,0,0,0,0,0,3,202507020405,33.797668032162,133.760304,,,,,,,,,,,,
88,,8310060,1,20250702,405,0,0,0,0,0,0,0,0,0,0,0,0,0,0,3,202507020405,33.54154672048833,133.042341470718,,,,,,,,,,,,
88,,8310061,1,20250702,405,5,3,0,0,0,0,0,3,4,0,0,0,0,0,3,202507020405,33.80675451706518,132.745272070169,,,,,,,,,,,,
88,,8310062,1,20250702,405,3,2,0,0,0,0,0,3,4,0,0,0,0,0,3,202507020405,33.814776032186245,132.720319,,,,,,,,,,,,
88,,8310070,1,20250702,405,6,1,0,0,0,0,0,9,3,0,0,0,0,0,3,202507020405,34.0102656781917,134.566428959369,,,,,,,,,,,,
88,,8310080,1,20250702,405,3,1,0,0,0,0,0,3,5,0,0,0,0,0,3,202507020405,33.9732071371816,134.633932113647,,,,,,,,,,,,
88,,8310090,1,20250702,405,0,0,0,0,0,0,0,0,0,0,0,0,0,0,3,202507020405,33.16601659984814,133.133375644683,,,,,,,,,,,,
88,,8310110,1,20250702,405,2,0,0,0,0,0,0,0,2,0,0,0,0,0,3,202507020405,33.4066250316014,132.509843,,,,,,,,,,,,
88,,8310120,1,20250702,405,1,0,0,0,0,0,0,1,1,0,0,0,0,0,3,202507020405,33.504510031742804,132.56675,,,,,,,,,,,,
88,,8310130,1,20250702,405,2,0,0,0,0,0,0,1,1,0,0,0,0,0,3,202507020405,33.53462955300938,132.597781419754,,,,,,,,,,,,
88,,8310140,1,20250702,405,1,4,0,0,0,0,0,1,0,0,0,0,0,0,3,202507020405,33.6125750318981,132.68712,,,,,,,,,,,,
88,,8310150,1,20250702,405,0,1,0,0,0,0,0,0,1,0,0,0,0,0,3,202507020405,34.0401782523243,134.018440246582,,,,,,,,,,,,
88,,8310160,1,20250702,405,4,0,1,0,0,0,0,2,3,0,0,0,0,0,3,202507020405,33.89056122326423,132.757075130939,,,,,,,,,,,,
86,,6810010,1,20250702,405,,,,,,,,,,,,,,,3,202507020405,34.89694403367168,136.336111,,,1,,0,,0,0,0,0,,0
86,,6810020,1,20250702,405,,,,,,,,,,,,,,,3,202507020405,34.97777803377855,135.901667,,,1,,0,,0,0,0,0,,0
86,,6810030,1,20250702,405,,,,,,,,,,,,,,,3,202507020405,35.00527803381478,136.094722,,,1,,0,,0,1,1,0,,0
81,02,1810010,1,20250702,405,1,4,0,,,,,1,2,0,,,,,3,202507020405,41.996809040234545,140.63609,,,0,0,0,0,0,0,0,0,0,0
81,02,1810020,1,20250702,405,3,2,0,,,,,4,0,0,,,,,3,202507020405,42.079752040271956,140.596961,,,0,0,0,0,0,0,0,0,0,0
81,02,1810030,1,20250702,405,2,2,0,,,,,2,4,0,,,,,3,202507020405,42.18194404031664,140.438889,,,0,0,0,0,0,0,0,0,0,0
81,02,1810040,1,20250702,405,0,0,0,,,,,4,4,0,,,,,3,202507020405,42.21583304033111,140.385,,,0,0,0,0,0,0,0,0,0,0
81,02,1810050,1,20250702,405,1,2,0,,,,,0,1,0,,,,,3,202507020405,42.29972204036625,140.271667,,,0,0,0,0,0,0,0,0,0,0
81,03,1810060,1,20250702,405,0,0,0,,,,,0,0,0,,,,,3,202507020405,42.70250004052043,140.42222,,,0,0,0,0,0,0,0,0,0,0
81,03,1810070,1,20250702,405,1,0,0,,,,,0,0,0,,,,,3,202507020405,42.805277040555936,140.52666,,,0,0,0,0,0,0,0,0,0,0
81,03,1810080,1,20250702,405,0,0,0,,,,,0,0,0,,,,,3,202507020405,42.79952604055398,140.700552,,,0,0,0,0,0,0,0,0,0,0
81,03,1810100,1,20250702,405,0,3,0,,,,,1,0,0,,,,,3,202507020405,43.037777040630445,140.678611,,,0,0,0,0,0,0,0,0,0,0
81,03,1810110,1,20250702,405,,,,,,,,,,,,,,,3,202507020405,43.20720804067966,140.975798,,,1,,,,,,,,,
81,03,1810120,1,20250702,405,2,2,0,,,,,9,4,0,,,,,3,202507020405,43.177556040671355,141.041001,,,0,0,0,0,0,0,0,0,0,0
81,02,1810130,1,20250702,405,3,1,0,,,,,4,3,0,,,,,3,202507020405,41.881664040180986,140.72083,,,0,0,0,0,0,0,0,0,0,0
81,02,1810140,1,20250702,405,0,0,0,,,,,0,0,0,,,,,3,202507020405,41.922053040199984,140.673037,,,0,0,0,0,0,0,0,0,0,0
81,01,1810160,1,20250702,405,2,1,0,,,,,0,2,0,,,,,3,202507020405,43.575214040771755,141.936064,,,0,0,0,0,0,0,0,0,0,0
81,04,1810180,1,20250702,405,2,4,0,,,,,2,5,0,,,,,3,202507020405,43.75527804080939,142.273889,,,0,0,0,0,0,0,0,0,0,0
81,01,1810200,1,20250702,405,,,,,,,,,,,,,,,3,202507020405,42.92800104059627,141.532244,,,1,,,,,,,,,
81,01,1810210,1,20250702,405,2,1,0,,,,,1,2,0,,,,,3,202507020405,42.86212604057491,141.599922,,,0,0,0,0,0,0,0,0,0,0
81,05,1810220,1,20250702,405,3,9,0,,,,,6,1,0,,,,,3,202507020405,42.736385040532305,141.709144,,,0,0,0,0,0,0,0,0,0,0
81,05,1810240,1,20250702,405,1,3,0,,,,,1,1,0,,,,,3,202507020405,42.44474904042452,141.159993,,,0,0,0,0,0,0,0,0,0,0
81,05,1810250,1,20250702,405,2,0,0,,,,,0,0,0,,,,,3,202507020405,42.32896604037825,140.996368,,,0,0,0,0,0,0,0,0,0,0
81,02,1810260,1,20250702,405,0,0,0,,,,,0,1,0,,,,,3,202507020405,42.59861104048294,140.461667,,,0,0,0,0,0,0,0,0,0,0
81,05,1810270,1,20250702,405,,,,,,,,,,,,,,,3,202507020405,42.59319704048096,140.520753,,,1,,,,,,,,,
81,05,1810280,1,20250702,405,3,3,0,,,,,1,0,0,,,,,3,202507020405,42.59372804048115,140.535945,,,0,0,0,0,0,0,0,0,0,0
81,05,1810290,1,20250702,405,,,,,,,,,,,,,,,3,202507020405,42.56267604046962,140.742626,,,1,,,,,,,,,
81,01,1810310,1,20250702,405,,,,,,,,,,,,,,,3,202507020405,43.57408404077149,141.983838,,,1,,,,,,,,,
81,01,1810320,1,20250702,405,,,,,,,,,,,,,,,3,202507020405,43.47080004074768,142.266721,,,1,,,,,,,,,
81,04,1810330,1,20250702,405,0,0,0,,,,,0,0,0,,,,,3,202507020405,43.39305604072871,142.348056,,,0,0,0,0,0,0,0,0,0,0
81,04,1810340,1,20250702,405,,,,,,,,,,,,,,,3,202507020405,43.27194404069734,142.385,,,1,,,,,,,,,
81,04,1810350,1,20250702,405,0,0,0,,,,,0,1,0,,,,,3,202507020405,43.197222040676884,142.575556,,,0,0,0,0,0,0,0,0,0,0
81,07,1810360,1,20250702,405,1,0,0,,,,,0,0,0,,,,,3,202507020405,43.15732804066562,142.786759,,,0,0,0,0,0,0,0,0,0,0
81,07,1810370,1,20250702,405,,,,,,,,,,,,,,,3,202507020405,42.814306040558975,143.51125,,,1,,,,,,,,,
81,07,1810380,1,20250702,405,,,,,,,,,,,,,,,3,202507020405,42.82106404056124,143.710554,,,1,0,0,0,0,0,0,0,0,0
81,06,1810390,1,20250702,405,0,2,0,,,,,0,0,0,,,,,3,202507020405,42.86448904057567,143.874907,,,0,0,0,0,0,0,0,0,0,0
81,06,1810400,1,20250702,405,2,1,0,,,,,3,3,0,,,,,3,202507020405,43.00508004062045,144.254672,,,0,0,0,0,0,0,0,0,0,0
81,06,1810410,1,20250702,405,,,,,,,,,,,,,,,3,202507020405,43.0195510406249,144.257695,,,0,0,0,0,0,0,0,0,1,0
81,06,1810420,1,20250702,405,1,0,0,,,,,1,0,0,,,,,3,202507020405,43.00768404062126,144.364725,,,0,0,0,0,0,0,0,0,0,0
81,04,1810430,1,20250702,405,0,2,0,,,,,0,0,0,,,,,3,202507020405,43.89527804083526,142.525556,,,0,0,0,0,0,0,0,0,0,0
81,04,1810440,1,20250702,405,0,1,0,,,,,0,0,0,,,,,3,202507020405,43.841944040825744,142.704722,,,0,0,0,0,0,0,0,0,0,0
81,04,1810450,1,20250702,405,0,1,0,,,,,1,1,0,,,,,3,202507020405,43.65333304078868,143.117222,,,0,0,0,0,0,0,0,0,0,0
81,08,1810460,1,20250702,405,2,0,0,,,,,2,0,0,,,,,3,202507020405,43.88484504083343,144.001818,,,0,0,0,0,0,0,0,0,0,0
81,08,1810480,1,20250702,405,1,0,0,,,,,1,0,0,,,,,3,202507020405,43.91366204083846,144.156572,,,0,0,0,0,0,0,0,0,0,0
81,04,1810490,1,20250702,405,0,2,0,,,,,0,0,0,,,,,3,202507020405,43.84722204082672,142.449167,,,0,0,0,0,0,0,0,0,0,0
81,04,1810500,1,20250702,405,0,0,0,,,,,1,4,0,,,,,3,202507020405,44.08944404086627,142.395278,,,0,0,0,0,0,0,0,0,0,0
81,04,1810510,1,20250702,405,,,,,,,,,,,,,,,3,202507020405,44.704722040926775,142.273889,,,0,0,0,0,0,0,0,0,0,1
81,04,1810520,1,20250702,405,,,,,,,,,,,,,,,3,202507020405,44.72277804092767,142.249444,,,0,0,0,0,0,0,0,0,0,1
81,09,1810530,1,20250702,405,0,0,0,,,,,1,2,0,,,,,3,202507020405,44.89631204093388,141.953342,,,0,0,0,0,0,0,0,0,0,0
81,10,1810540,1,20250702,405,,,,,,,,,,,,,,,3,202507020405,45.02071604093552,141.771957,,,1,0,0,0,0,0,0,0,0,0
81,10,1810550,1,20250702,405,0,0,0,,,,,0,0,0,,,,,3,202507020405,45.14500004093481,141.751667,,,0,0,0,0,0,0,0,0,0,0
81,10,1810560,1,20250702,405,,,,,,,,,,,,,,,3,202507020405,45.226363040933066,141.745321,,,1,,,,,,,,,
81,10,1810570,1,20250702,405,2,0,0,,,,,0,0,0,,,,,3,202507020405,45.112831040935205,141.794564,,,0,0,0,0,0,0,0,0,0,0
81,06,1810580,1,20250702,405,0,0,0,,,,,5,2,0,,,,,3,202507020405,42.9878210406151,144.393418,,,0,0,0,0,0,0,0,0,0,0
81,06,1810590,1,20250702,405,0,0,0,,,,,2,1,0,,,,,3,202507020405,43.05774504063647,144.791279,,,0,0,0,0,0,0,0,0,0,0
81,06,1810600,1,20250702,405,0,1,0,,,,,2,1,0,,,,,3,202507020405,43.05804004063655,144.830749,,,0,0,0,0,0,0,0,0,0,0
81,06,1810610,1,20250702,405,0,1,0,,,,,1,0,0,,,,,3,202507020405,43.282406040700124,145.50731400000004,,,0,0,0,0,0,0,0,0,0,0
81,02,1810620,1,20250702,405,0,0,0,,,,,0,0,0,,,,,3,202507020405,41.950833040213396,140.45583300000004,,,0,0,0,0,0,0,0,0,0,0
81,02,1810630,1,20250702,405,3,0,0,,,,,0,2,0,,,,,3,202507020405,41.77071104012753,140.613124,,,0,0,0,0,0,0,0,0,0,0
81,02,1810640,1,20250702,405,,,,,,,,,,,,,,,3,202507020405,41.666445040075686,140.434972,,,1,,,,,,,,,
81,02,1810650,1,20250702,405,0,1,0,,,,,3,1,0,,,,,3,202507020405,41.624898040054596,140.429715,,,0,0,0,0,0,0,0,0,0,0
81,02,1810660,1,20250702,405,1,0,0,,,,,0,0,0,,,,,3,202507020405,41.49941703998935,140.249304,,,0,0,0,0,0,0,0,0,0,0
81,02,1810670,1,20250702,405,,,,,,,,,,,,,,,3,202507020405,41.40202103993715,140.185625,,,1,,,,,,,,,
81,02,1810680,1,20250702,405,,,,,,,,,,,,,,,3,202507020405,41.43166703995318,140.128056,,,1,0,0,0,0,0,0,0,0,0
81,02,1810690,1,20250702,405,1,1,0,,,,,0,0,0,,,,,3,202507020405,41.71166704009836,140.027778,,,0,0,0,0,0,0,0,0,0,0
81,02,1810700,1,20250702,405,1,0,0,,,,,0,0,0,,,,,3,202507020405,41.84777804016484,140.12472200000002,,,0,0,0,0,0,0,0,0,0,0
81,02,1810710,1,20250702,405,,,,,,,,,,,,,,,3,202507020405,41.84277804016245,140.732222,,,1,0,0,0,0,0,0,0,0,0
81,02,1810720,1,20250702,405,,,,,,,,,,,,,,,3,202507020405,41.83583304015913,140.645833,,,1,0,0,0,0,0,0,0,0,0
81,02,1810730,1,20250702,405,,,,,,,,,,,,,,,3,202507020405,41.78055604013235,140.61055600000003,,,1,,,,,,,,,
81,03,1810750,1,20250702,405,,,,,,,,,,,,,,,3,202507020405,43.2287050406856,140.73446400000003,,,1,,,,,,,,,
81,03,1810760,1,20250702,405,0,0,0,,,,,3,0,0,,,,,3,202507020405,43.280277040699566,140.6375,,,0,0,0,0,0,0,0,0,0,0
81,03,1810780,1,20250702,405,0,0,0,,,,,1,0,0,,,,,3,202507020405,43.328914040712355,140.422613,,,0,0,0,0,0,0,0,0,0,0
81,03,1810790,1,20250702,405,0,0,0,,,,,0,0,0,,,,,3,202507020405,43.19878704067732,140.346959,,,0,0,0,0,0,0,0,0,0,0
81,03,1810800,1,20250702,405,1,0,0,,,,,1,0,0,,,,,3,202507020405,43.04480504063257,140.505833,,,0,0,0,0,0,0,0,0,0,0
81,03,1810810,1,20250702,405,1,0,0,,,,,0,1,0,,,,,3,202507020405,43.02277704062587,140.548333,,,0,0,0,0,0,0,0,0,0,0
81,03,1810820,1,20250702,405,1,0,0,,,,,0,1,0,,,,,3,202507020405,42.99750304061811,140.538303,,,0,0,0,0,0,0,0,0,0,0
81,03,1810830,1,20250702,405,0,0,0,,,,,1,1,0,,,,,3,202507020405,42.981000040613,140.511333,,,0,0,0,0,0,0,0,0,0,0
81,03,1810840,1,20250702,405,1,2,0,,,,,0,0,0,,,,,3,202507020405,42.93163404059743,140.409415,,,0,0,0,0,0,0,0,0,0,0
81,03,1810850,1,20250702,405,0,0,0,,,,,0,2,0,,,,,3,202507020405,42.83094404056455,140.308974,,,0,0,0,0,0,0,0,0,0,0
81,03,1810860,1,20250702,405,0,0,0,,,,,2,1,0,,,,,3,202507020405,42.818297040560324,140.184051,,,0,0,0,0,0,0,0,0,0,0
81,03,1810870,1,20250702,405,0,0,0,,,,,1,0,0,,,,,3,202507020405,42.68444404051404,139.919444,,,0,0,0,0,0,0,0,0,0,0
81,02,1810880,1,20250702,405,1,0,0,,,,,0,0,0,,,,,3,202507020405,42.57583304047453,139.832222,,,0,0,0,0,0,0,0,0,0,0
81,02,1810890,1,20250702,405,0,0,0,,,,,0,0,0,,,,,3,202507020405,42.17250004031257,139.899444,,,0,0,0,0,0,0,0,0,0,0
81,02,1810900,1,20250702,405,0,0,0,,,,,0,0,0,,,,,3,202507020405,42.21750004033183,139.868333,,,0,0,0,0,0,0,0,0,0,0
81,02,1810910,1,20250702,405,0,0,0,,,,,1,0,0,,,,,3,202507020405,42.11918804028937,140.016837,,,0,0,0,0,0,0,0,0,0,0
81,02,1810920,1,20250702,405,0,0,0,,,,,0,0,0,,,,,3,202507020405,41.97324904022374,140.139624,,,0,0,0,0,0,0,0,0,0,0
81,01,1810940,1,20250702,405,3,0,0,,,,,9,2,0,,,,,3,202507020405,43.001256040619275,141.339621,,,0,0,0,0,0,0,0,0,0,0
81,01,1810950,1,20250702,405,3,0,0,,,,,8,2,0,,,,,3,202507020405,42.999192040618645,141.337588,,,0,0,0,0,0,0,0,0,0,0
81,01,1810970,1,20250702,405,,,,,,,,,,,,,,,3,202507020405,42.883263040581824,141.139985,,,1,,,,,,,,,
81,03,1810980,1,20250702,405,0,0,0,,,,,0,0,0,,,,,3,202507020405,42.69444404051758,140.839722,,,0,0,0,0,0,0,0,0,0,0
81,01,1811010,1,20250702,405,0,2,0,,,,,6,0,0,,,,,3,202507020405,43.161847040666906,141.353771,,,0,0,0,0,0,0,0,0,0,0
81,01,1811020,1,20250702,405,,,,,,,,,,,,,,,3,202507020405,43.183375040672985,141.323859,,,1,0,0,0,0,0,0,0,0,0
81,01,1811030,1,20250702,405,1,1,0,,,,,4,0,0,,,,,3,202507020405,43.22320404068409,141.345058,,,0,0,0,0,0,0,0,0,0,0
81,01,1811040,1,20250702,405,1,0,0,,,,,0,1,0,,,,,3,202507020405,43.39904804073019,141.436259,,,0,0,0,0,0,0,0,0,0,0
81,09,1811050,1,20250702,405,,,,,,,,,,,,,,,3,202507020405,43.754167040809165,141.350556,,,1,,,,,,,,,
81,09,1811060,1,20250702,405,0,1,0,,,,,0,0,0,,,,,3,202507020405,44.96800904093512,141.76263200000002,,,0,0,0,0,0,0,0,0,0,0
81,09,1811070,1,20250702,405,0,2,0,,,,,0,0,0,,,,,3,202507020405,44.934167040934625,141.755833,,,0,0,0,0,0,0,0,0,0,0
81,09,1811080,1,20250702,405,0,0,0,,,,,0,0,0,,,,,3,202507020405,44.80500004093119,141.786111,,,0,0,0,0,0,0,0,0,0,0
81,09,1811090,1,20250702,405,0,0,0,,,,,0,0,0,,,,,3,202507020405,44.642222040923244,141.793889,,,0,0,0,0,0,0,0,0,0,0
81,09,1811100,1,20250702,405,0,0,0,,,,,0,0,0,,,,,3,202507020405,44.50014404091302,141.76481,,,0,0,0,0,0,0,0,0,0,0
81,09,1811110,1,20250702,405,2,1,0,,,,,1,0,0,,,,,3,202507020405,44.37405804090138,141.71125400000003,,,0,0,0,0,0,0,0,0,0,0
81,09,1811120,1,20250702,405,3,2,0,,,,,0,0,0,,,,,3,202507020405,44.255783040888275,141.656125,,,0,0,0,0,0,0,0,0,0,0
81,09,1811130,1,20250702,405,,,,,,,,,,,,,,,3,202507020405,44.07063104086351,141.663029,,,1,,,,,,,,,
81,09,1811140,1,20250702,405,,,,,,,,,,,,,,,3,202507020405,43.99097904085126,141.651204,,,1,,,,,,,,,
81,09,1811150,1,20250702,405,2,2,0,,,,,0,0,0,,,,,3,202507020405,43.94678404084405,141.651833,,,0,0,0,0,0,0,0,0,0,0
81,09,1811160,1,20250702,405,,,,,,,,,,,,,,,3,202507020405,43.83194404082392,141.829722,,,1,,,,,,,,,
81,09,1811170,1,20250702,405,0,0,0,,,,,0,0,0,,,,,3,202507020405,43.84929604082709,141.814296,,,0,0,0,0,0,0,0,0,0,0
81,09,1811180,1,20250702,405,0,1,0,,,,,0,0,0,,,,,3,202507020405,43.874414040831596,141.738365,,,0,0,0,0,0,0,0,0,0,0
81,09,1811190,1,20250702,405,0,0,0,,,,,0,0,0,,,,,3,202507020405,43.918889040839346,141.685,,,0,0,0,0,0,0,0,0,0,0
81,09,1811200,1,20250702,405,0,1,0,,,,,0,4,0,,,,,3,202507020405,43.89040404083442,141.708596,,,0,0,0,0,0,0,0,0,0,0
81,01,1811210,1,20250702,405,5,1,0,,,,,1,0,0,,,,,3,202507020405,43.19022204067492,141.765475,,,0,0,0,0,0,0,0,0,0,0
81,01,1811220,1,20250702,405,2,7,0,,,,,0,0,0,,,,,3,202507020405,42.898883040586895,141.813884,,,0,0,0,0,0,0,0,0,0,0
81,05,1811230,1,20250702,405,,,,,,,,,,,,,,,3,202507020405,42.885113040582425,141.812065,,,1,,,,,,,,,
81,05,1811240,1,20250702,405,0,4,0,,,,,1,1,0,,,,,3,202507020405,42.76319504054159,141.812586,,,0,0,0,0,0,0,0,0,0,0
81,05,1811250,1,20250702,405,,,,,,,,,,,,,,,3,202507020405,42.55317704046606,141.981715,,,0,0,0,0,0,0,0,0,0,1
81,05,1811260,1,20250702,405,0,2,0,,,,,3,0,0,,,,,3,202507020405,42.16916704031112,142.768611,,,0,0,0,0,0,0,0,0,0,0
81,05,1811270,1,20250702,405,1,0,0,,,,,0,0,0,,,,,3,202507020405,42.50615204044825,142.070834,,,0,0,0,0,0,0,0,0,0,0
81,07,1811280,1,20250702,405,0,0,0,,,,,0,0,0,,,,,3,202507020405,42.58422604047764,143.30053,,,0,0,0,0,0,0,0,0,0,0
81,07,1811290,1,20250702,405,0,0,0,,,,,0,0,0,,,,,3,202507020405,42.3768230403976,143.061454,,,0,0,0,0,0,0,0,0,0,0
81,04,1811320,1,20250702,405,,,,,,,,,,,,,,,3,202507020405,43.60527804077837,142.469167,,,0,0,0,0,0,0,0,0,0,1
81,04,1811330,1,20250702,405,0,2,0,,,,,0,1,0,,,,,3,202507020405,43.560833040768536,142.435,,,0,0,0,0,0,0,0,0,0,0
81,04,1811340,1,20250702,405,0,0,0,,,,,0,0,0,,,,,3,202507020405,43.46000004074509,142.458611,,,0,0,0,0,0,0,0,0,0,0
81,04,1811350,1,20250702,405,1,0,0,,,,,1,0,0,,,,,3,202507020405,43.41250004073354,142.433056,,,0,0,0,0,0,0,0,0,0,0
81,04,1811360,1,20250702,405,,,,,,,,,,,,,,,3,202507020405,43.11694404065397,142.400833,,,1,0,0,0,0,0,0,0,0,0
81,08,1811370,1,20250702,405,,,,,,,,,,,,,,,3,202507020405,44.09975304086775,143.867897,,,0,0,0,0,0,0,0,0,0,1
81,08,1811380,1,20250702,405,,,,,,,,,,,,,,,3,202507020405,44.12070404087072,143.72058,,,0,0,0,0,0,0,0,0,0,1
81,08,1811390,1,20250702,405,2,0,0,,,,,1,3,0,,,,,3,202507020405,44.364948040900465,143.334896,,,0,0,0,0,0,0,0,0,0,0
81,10,1811400,1,20250702,405,0,0,0,,,,,0,0,0,,,,,3,202507020405,44.77763904093014,142.72205300000002,,,0,0,0,0,0,0,0,0,0,0
81,10,1811410,1,20250702,405,0,0,0,,,,,0,0,0,,,,,3,202507020405,45.361691040927944,142.122166,,,0,0,0,0,0,0,0,0,0,0
81,10,1811420,1,20250702,405,0,0,0,,,,,0,0,0,,,,,3,202507020405,45.43694404092388,141.862222,,,0,0,0,0,0,0,0,0,0,0
81,08,1811430,1,20250702,405,0,0,0,,,,,0,0,0,,,,,3,202507020405,44.40500204090447,143.017708,,,0,0,0,0,0,0,0,0,0,0
81,04,1811440,1,20250702,405,,,,,,,,,,,,,,,3,202507020405,44.31583304089519,142.783333,,,0,0,0,0,0,0,0,0,0,1
81,04,1811450,1,20250702,405,0,0,0,,,,,0,0,0,,,,,3,202507020405,44.18222204087907,142.306667,,,0,0,0,0,0,0,0,0,0,0
81,09,1811460,1,20250702,405,,,,,,,,,,,,,,,3,202507020405,44.20135104088153,142.034302,,,1,0,0,0,0,0,0,0,0,0
81,09,1811470,1,20250702,405,0,0,0,,,,,0,0,0,,,,,3,202507020405,44.23906304088626,141.778997,,,0,0,0,0,0,0,0,0,0,0
81,09,1811480,1,20250702,405,0,0,0,,,,,0,0,0,,,,,3,202507020405,44.2719440408902,141.686389,,,0,0,0,0,0,0,0,0,0,0
81,06,1811490,1,20250702,405,0,0,0,,,,,0,0,0,,,,,3,202507020405,43.28312104070033,144.106479,,,0,0,0,0,0,0,0,0,0,0
81,06,1811500,1,20250702,405,1,0,0,,,,,0,1,0,,,,,3,202507020405,43.45847504074473,144.008366,,,0,0,0,0,0,0,0,0,0,0
81,08,1811520,1,20250702,405,0,0,0,,,,,1,0,0,,,,,3,202507020405,44.16231304087643,143.57881,,,0,0,0,0,0,0,0,0,0,0
81,08,1811530,1,20250702,405,4,1,0,,,,,0,0,0,,,,,3,202507020405,44.13401504087257,143.561357,,,0,0,0,0,0,0,0,0,0,0
81,08,1811540,1,20250702,405,0,0,0,,,,,1,0,0,,,,,3,202507020405,43.81153304082013,143.553741,,,0,0,0,0,0,0,0,0,0,0
81,07,1811550,1,20250702,405,0,0,0,,,,,0,0,0,,,,,3,202507020405,43.614803040780444,143.623559,,,0,0,0,0,0,0,0,0,0,0
81,07,1811560,1,20250702,405,1,0,0,,,,,0,0,0,,,,,3,202507020405,42.950000040603264,143.426667,,,0,0,0,0,0,0,0,0,0,0
81,07,1811570,1,20250702,405,0,0,0,,,,,1,0,0,,,,,3,202507020405,42.919389040593515,143.382667,,,0,0,0,0,0,0,0,0,0,0
81,06,1811580,1,20250702,405,0,0,0,,,,,0,0,0,,,,,3,202507020405,43.65168204078832,144.260814,,,0,0,0,0,0,0,0,0,0,0
81,06,1811590,1,20250702,405,1,0,0,,,,,0,0,0,,,,,3,202507020405,43.48222204075039,144.542778,,,0,0,0,0,0,0,0,0,0,0
81,06,1811600,1,20250702,405,0,0,0,,,,,0,0,0,,,,,3,202507020405,43.415912040734376,144.740463,,,0,0,0,0,0,0,0,0,0,0
81,08,1811610,1,20250702,405,0,0,0,,,,,0,1,0,,,,,3,202507020405,43.96614504084723,144.326697,,,0,0,0,0,0,0,0,0,0,0
81,08,1811620,1,20250702,405,0,0,0,,,,,0,0,0,,,,,3,202507020405,43.91012304083783,144.542023,,,0,0,0,0,0,0,0,0,0,0
81,08,1811630,1,20250702,405,0,0,0,,,,,1,0,0,,,,,3,202507020405,43.888827040834144,144.736391,,,0,0,0,0,0,0,0,0,0,0
81,06,1811640,1,20250702,405,0,0,0,,,,,0,0,0,,,,,3,202507020405,43.73179504080475,144.960789,,,0,0,0,0,0,0,0,0,0,0
81,06,1811650,1,20250702,405,0,0,0,,,,,0,0,0,,,,,3,202507020405,43.69435704079721,145.112266,,,0,0,0,0,0,0,0,0,0,0
81,06,1811660,1,20250702,405,0,0,0,,,,,0,0,0,,,,,3,202507020405,43.37687304072465,145.283748,,,0,0,0,0,0,0,0,0,0,0
81,06,1811670,1,20250702,405,0,0,0,,,,,1,2,0,,,,,3,202507020405,43.225599040684756,144.69552000000002,,,0,0,0,0,0,0,0,0,0,0
81,06,1811680,1,20250702,405,2,0,0,,,,,0,1,0,,,,,3,202507020405,43.384169040726476,144.866826,,,0,0,0,0,0,0,0,0,0,0
81,06,1811690,1,20250702,405,0,0,0,,,,,0,0,0,,,,,3,202507020405,43.60985404077937,145.077277,,,0,0,0,0,0,0,0,0,0,0
81,07,1811700,1,20250702,405,0,0,0,,,,,0,0,0,,,,,3,202507020405,43.353586040718724,143.261308,,,0,0,0,0,0,0,0,0,0,0
81,07,1811710,1,20250702,405,0,0,0,,,,,0,0,0,,,,,3,202507020405,43.571286040770886,143.120781,,,0,0,0,0,0,0,0,0,0,0
81,04,1811720,1,20250702,405,0,0,0,,,,,0,0,0,,,,,3,202507020405,43.66638904079141,143.0375,,,0,0,0,0,0,0,0,0,0,0
81,04,1811730,1,20250702,405,0,0,0,,,,,0,1,0,,,,,3,202507020405,43.90888904083762,142.97333300000003,,,0,0,0,0,0,0,0,0,0,0
81,04,1811740,1,20250702,405,,,,,,,,,,,,,,,3,202507020405,43.938889040842724,142.945556,,,0,0,0,0,0,0,0,0,0,1
81,01,1811750,1,20250702,405,,,,,,,,,,,,,,,3,202507020405,42.99055604061596,141.606111,,,1,,,,,,,,,
81,01,1811760,1,20250702,405,,,,,,,,,,,,,,,3,202507020405,42.94269504060095,141.76061,,,1,,,,,,,,,
81,01,1811770,1,20250702,405,0,0,0,,,,,0,1,0,,,,,3,202507020405,42.950353040603375,141.802672,,,0,0,0,0,0,0,0,0,0,0
81,01,1811780,1,20250702,405,,,,,,,,,,,,,,,3,202507020405,42.91325204059154,141.966963,,,1,0,0,0,0,0,0,0,0,0
81,01,1811790,1,20250702,405,,,,,,,,,,,,,,,3,202507020405,42.92852504059643,142.063994,,,1,0,0,0,0,0,0,0,0,0
81,05,1811800,1,20250702,405,,,,,,,,,,,,,,,3,202507020405,42.9641030406077,142.63981100000004,,,1,,,,,,,,,
81,01,1811810,1,20250702,405,,,,,,,,,,,,,,,3,202507020405,43.18243804067272,141.523454,,,1,0,0,0,0,0,0,0,0,0
81,01,1811840,1,20250702,405,0,0,0,,,,,0,0,0,,,,,3,202507020405,43.71586004080156,141.885874,,,0,0,0,0,0,0,0,0,0,0
81,01,1811850,1,20250702,405,0,0,0,,,,,0,0,0,,,,,3,202507020405,43.76892104081203,141.884179,,,0,0,0,0,0,0,0,0,0,0
81,01,1811860,1,20250702,405,0,0,0,,,,,0,0,0,,,,,3,202507020405,43.80589304081908,141.905599,,,0,0,0,0,0,0,0,0,0,0
81,01,1811870,1,20250702,405,0,0,0,,,,,0,0,0,,,,,3,202507020405,43.917356040839074,142.125632,,,0,0,0,0,0,0,0,0,0,0
83,,3810820,1,20250702,405,,,,,,,,,,,,,,,3,202507020405,36.513833035689494,138.094389,,,0,0,0,0,0,1,1,0,0,0
81,04,1811880,1,20250702,405,0,0,0,,,,,0,0,0,,,,,3,202507020405,44.74083304092855,142.253333,,,0,0,0,0,0,0,0,0,0,0
81,10,1811890,1,20250702,405,0,0,0,,,,,0,0,0,,,,,3,202507020405,44.82012704093172,142.283995,,,0,0,0,0,0,0,0,0,0,0
81,10,1811900,1,20250702,405,,,,,,,,,,,,,,,3,202507020405,45.044836040935564,142.315288,,,0,0,0,0,0,0,0,0,0,1
81,10,1811910,1,20250702,405,,,,,,,,,,,,,,,3,202507020405,45.10707504093527,142.363412,,,0,0,0,0,0,0,0,0,0,1
81,03,1811920,1,20250702,405,0,0,0,,,,,0,0,0,,,,,3,202507020405,42.98635304061466,140.606197,,,0,0,0,0,0,0,0,0,0,0
81,03,1811930,1,20250702,405,0,0,0,,,,,0,1,0,,,,,3,202507020405,42.88083304058103,140.878055,,,0,0,0,0,0,0,0,0,0,0
81,03,1811940,1,20250702,405,0,0,0,,,,,0,0,0,,,,,3,202507020405,42.80440904055563,140.891961,,,0,0,0,0,0,0,0,0,0,0
81,03,1811950,1,20250702,405,1,0,0,,,,,0,1,0,,,,,3,202507020405,42.75773904053971,141.013347,,,0,0,0,0,0,0,0,0,0,0
81,01,1811990,1,20250702,405,,,,,,,,,,,,,,,3,202507020405,42.74221004053433,141.402953,,,1,,,,,,,,,
81,02,1812000,1,20250702,405,0,0,0,,,,,0,0,0,,,,,3,202507020405,42.16954304031129,140.05216,,,0,0,0,0,0,0,0,0,0,0
81,02,1812010,1,20250702,405,0,0,0,,,,,3,0,0,,,,,3,202507020405,41.76194404012323,140.856944,,,0,0,0,0,0,0,0,0,0,0
81,02,1812020,1,20250702,405,1,0,0,,,,,0,0,0,,,,,3,202507020405,41.714722040099886,140.9975,,,0,0,0,0,0,0,0,0,0,0
81,02,1812030,1,20250702,405,1,0,0,,,,,0,0,0,,,,,3,202507020405,41.87888904017965,141.092222,,,0,0,0,0,0,0,0,0,0,0
81,02,1812040,1,20250702,405,1,1,0,,,,,1,0,0,,,,,3,202507020405,41.9566670402161,140.928611,,,0,0,0,0,0,0,0,0,0,0
81,02,1812050,1,20250702,405,1,1,0,,,,,1,0,0,,,,,3,202507020405,42.013056040241956,140.853611,,,0,0,0,0,0,0,0,0,0,0
81,02,1812060,1,20250702,405,3,0,0,,,,,1,0,0,,,,,3,202507020405,42.042500040255284,140.813056,,,0,0,0,0,0,0,0,0,0,0
81,02,1812070,1,20250702,405,0,1,0,,,,,0,0,0,,,,,3,202507020405,42.12805604029326,140.711389,,,0,0,0,0,0,0,0,0,0,0
81,02,1812080,1,20250702,405,3,0,0,,,,,0,0,0,,,,,3,202507020405,42.118611040289125,140.632778,,,0,0,0,0,0,0,0,0,0,0
81,06,1812090,1,20250702,405,0,0,0,,,,,0,0,0,,,,,3,202507020405,43.89994004083609,145.099582,,,0,0,0,0,0,0,0,0,0,0
81,05,1812130,1,20250702,405,0,0,0,,,,,0,0,0,,,,,3,202507020405,42.02778604024864,143.231184,,,0,0,0,0,0,0,0,0,0,0
81,07,1812150,1,20250702,405,0,0,0,,,,,0,0,0,,,,,3,202507020405,42.16202804030805,143.324389,,,0,0,0,0,0,0,0,0,0,0
81,07,1812160,1,20250702,405,5,0,0,,,,,0,0,0,,,,,3,202507020405,42.28172204035879,143.318222,,,0,0,0,0,0,0,0,0,0,0
81,07,1812170,1,20250702,405,0,0,0,,,,,0,1,0,,,,,3,202507020405,42.31167604037116,143.321044,,,0,0,0,0,0,0,0,0,0,0
81,07,1812180,1,20250702,405,0,0,0,,,,,1,0,0,,,,,3,202507020405,42.68446104051403,143.603341,,,0,0,0,0,0,0,0,0,0,0
83,,3810821,1,20250702,405,,,,,,,,,,,,,,,3,202507020405,36.52786103570584,138.096722,,,0,0,0,0,0,1,1,0,0,0
81,07,1812190,1,20250702,405,0,0,0,,,,,1,0,0,,,,,3,202507020405,42.69532104051788,143.615947,,,0,0,0,0,0,0,0,0,0,0
81,07,1812200,1,20250702,405,1,1,0,,,,,0,0,0,,,,,3,202507020405,42.74108304053393,143.63151,,,0,0,0,0,0,0,0,0,0,0
81,01,1812210,1,20250702,405,,,,,,,,,,,,,,,3,202507020405,42.85600604057288,141.704289,,,1,,,,,,,,,
81,01,1812220,1,20250702,405,,,,,,,,,,,,,,,3,202507020405,42.969962040609545,141.672998,,,1,0,0,0,0,0,0,0,0,0
81,01,1812230,1,20250702,405,,,,,,,,,,,,,,,3,202507020405,43.02096904062534,141.663755,,,1,0,0,0,0,0,0,0,0,0
81,03,1812240,1,20250702,405,9,2,0,,,,,3,2,0,,,,,3,202507020405,43.14450004066195,141.187805,,,0,0,0,0,0,0,0,0,0,0
81,06,1812250,1,20250702,405,0,1,0,,,,,0,0,0,,,,,3,202507020405,43.68733204079576,144.466438,,,0,0,0,0,0,0,0,0,0,0
81,03,1812260,1,20250702,405,,,,,,,,,,,,,,,3,202507020405,42.99111104061613,140.875833,,,1,,,,,,,,,
81,04,1812280,1,20250702,405,2,2,0,,,,,0,0,0,,,,,3,202507020405,43.8908760408345,142.588463,,,0,0,0,0,0,0,0,0,0,0
81,04,1812290,1,20250702,405,1,0,0,,,,,1,2,0,,,,,3,202507020405,43.85300304082776,142.702054,,,0,0,0,0,0,0,0,0,0,0
81,01,1812300,1,20250702,405,0,0,0,,,,,0,0,0,,,,,3,202507020405,43.578650040772516,141.414894,,,0,0,0,0,0,0,0,0,0,0
81,01,1812310,1,20250702,405,,,,,,,,,,,,,,,3,202507020405,43.548241040765674,141.621516,,,1,0,0,0,0,0,0,0,0,0
81,01,1812320,1,20250702,405,0,0,0,,,,,0,0,0,,,,,3,202507020405,43.542762040764444,141.638006,,,0,0,0,0,0,0,0,0,0,0
81,01,1812330,1,20250702,405,0,0,0,,,,,0,0,0,,,,,3,202507020405,43.55901004076813,141.903362,,,0,0,0,0,0,0,0,0,0,0
81,01,1812340,1,20250702,405,0,0,0,,,,,0,0,0,,,,,3,202507020405,42.995832040617586,142.00991,,,0,0,0,0,0,0,0,0,0,0
81,01,1812350,1,20250702,405,5,1,0,,,,,1,0,0,,,,,3,202507020405,42.979904040612645,141.346302,,,0,0,0,0,0,0,0,0,0,0
81,01,1812360,1,20250702,405,,,,,,,,,,,,,,,3,202507020405,42.87625504057954,141.358278,,,1,,,,,,,,,
81,01,1812370,1,20250702,405,0,0,0,,,,,0,0,0,,,,,3,202507020405,42.83639604056636,141.300884,,,0,0,0,0,0,0,0,0,0,0
81,01,1812380,1,20250702,405,,,,,,,,,,,,,,,3,202507020405,42.80255304055502,141.327921,,,1,,,,,,,,,
82,,2810010,1,20250702,405,4,4,0,,,,,3,8,0,,,,,3,202507020405,37.18051903644227,140.286944,,,0,,,,0,,,,,
82,,2810030,1,20250702,405,2,3,0,,,,,4,11,0,,,,,3,202507020405,37.862598037160126,140.528175,,,0,,,,0,,,,,
82,,2810180,1,20250702,405,1,3,0,,,,,1,3,0,,,,,3,202507020405,38.89166803813703,141.115835,,,0,,,,0,,,,,
82,,2810190,1,20250702,405,3,3,0,,,,,4,0,0,,,,,3,202507020405,39.03166703825964,141.1175,,,0,,,,0,,,,,
82,,2810200,1,20250702,405,0,0,0,,,,,2,3,0,,,,,3,202507020405,39.0450020382712,141.129544,,,0,,,,0,,,,,
82,,2810220,1,20250702,405,2,1,0,,,,,7,2,0,,,,,3,202507020405,39.29444503848296,141.105556,,,0,,,,0,,,,,
82,,2810230,1,20250702,405,0,0,0,,,,,0,0,0,,,,,3,202507020405,39.344446038524424,141.106946,,,0,,,,0,,,,,
82,,2810240,1,20250702,405,4,0,0,,,,,3,1,0,,,,,3,202507020405,39.651946038772245,141.164724,,,0,,,,0,,,,,
82,,2810250,1,20250702,405,,,,,,,,,,,,,,,3,202507020405,39.888889038954595,141.19528,,,1,,,,0,,,,,
82,,2810270,1,20250702,405,0,0,0,,,,,0,0,0,,,,,3,202507020405,40.27277803923393,141.293058,,,0,,,,0,,,,,
82,,2810280,1,20250702,405,0,5,0,,,,,1,2,0,,,,,3,202507020405,40.41445803933193,141.298913,,,0,,,,0,,,,,
82,,2810290,1,20250702,405,1,3,0,,,,,1,3,0,,,,,3,202507020405,40.718083039532594,141.156692,,,0,,,,0,,,,,
82,,2810300,1,20250702,405,1,4,0,,,,,0,2,0,,,,,3,202507020405,40.907508039651255,141.061111,,,0,,,,0,,,,,
82,,2810310,1,20250702,405,2,3,0,,,,,2,3,0,,,,,3,202507020405,40.8547220396187,140.839178,,,0,,,,0,,,,,
82,,2810320,1,20250702,405,4,9,0,,,,,10,5,0,,,,,3,202507020405,36.91389703614713,140.802218,,,0,,,,0,,,,,
82,,2810330,1,20250702,405,3,1,0,,,,,4,1,0,,,,,3,202507020405,37.027520036273884,140.897874,,,0,,,,0,,,,,
82,,2810340,1,20250702,405,,,,,,,,,,,,,,,3,202507020405,37.191077036453784,140.999315,,,1,,,,0,,,,,
82,,2810350,1,20250702,405,,,,,,,,,,,,,,,3,202507020405,37.83831703713551,140.937334,,,1,,,,0,,,,,
82,,2810370,1,20250702,405,0,0,0,,,,,1,2,0,,,,,3,202507020405,38.82440303807722,139.8377,,,0,,,,0,,,,,
82,,2810390,1,20250702,405,,,,,,,,,,,,,,,3,202507020405,39.06557303828897,139.881432,,,1,,,,0,,,,,
82,,2810400,1,20250702,405,2,0,0,,,,,0,1,0,,,,,3,202507020405,39.26847903846129,139.923131,,,0,,,,0,,,,,
82,,2810430,1,20250702,405,0,2,0,,,,,0,1,0,,,,,3,202507020405,39.976642039020206,140.07770900000003,,,0,,,,0,,,,,
82,,2810450,1,20250702,405,,,,,,,,,,,,,,,3,202507020405,40.278639039238044,140.449111,,,1,,,,0,,,,,
82,,2810460,1,20250702,405,0,1,0,,,,,1,0,0,,,,,3,202507020405,40.275306039235716,140.516861,,,0,,,,0,,,,,
82,,2810470,1,20250702,405,0,0,0,,,,,0,2,0,,,,,3,202507020405,40.317917039265446,140.578139,,,0,,,,0,,,,,
82,,2810480,1,20250702,405,1,3,0,,,,,1,3,0,,,,,3,202507020405,40.577502039441285,140.518889,,,0,,,,0,,,,,
82,,2810490,1,20250702,405,0,0,0,,,,,5,1,0,,,,,3,202507020405,40.711137039528154,140.580013,,,0,,,,0,,,,,
82,,2810510,1,20250702,405,0,2,0,,,,,0,0,0,,,,,3,202507020405,37.931619037229716,140.126356,,,0,,,,0,,,,,
82,,2810520,1,20250702,405,1,4,0,,,,,2,2,0,,,,,3,202507020405,38.05191103734962,140.17323,,,0,,,,0,,,,,
82,,2810530,1,20250702,405,0,0,0,,,,,0,0,0,,,,,3,202507020405,38.207931037502526,140.318236,,,0,,,,0,,,,,
82,,2810540,1,20250702,405,,,,,,,,,,,,,,,3,202507020405,38.69290503795864,140.319386,,,1,,,,0,,,,,
82,,2810550,1,20250702,405,,,,,,,,,,,,,,,3,202507020405,38.84374903809449,140.331102,,,1,,,,0,,,,,
82,,2810570,1,20250702,405,,,,,,,,,,,,,,,3,202507020405,38.989511038222986,140.362649,,,1,,,,0,,,,,
82,,2810580,1,20250702,405,3,1,0,,,,,3,0,0,,,,,3,202507020405,39.260555038454655,140.543611,,,0,,,,0,,,,,
82,,2810590,1,20250702,405,0,0,0,,,,,0,1,0,,,,,3,202507020405,39.44138803860391,140.505,,,0,,,,0,,,,,
82,,2810600,1,20250702,405,1,2,0,,,,,1,2,0,,,,,3,202507020405,39.51138803866052,140.380833,,,0,,,,0,,,,,
82,,2810610,1,20250702,405,0,0,0,,,,,1,2,0,,,,,3,202507020405,39.63750003876089,140.300833,,,0,,,,0,,,,,
82,,2810620,1,20250702,405,7,2,0,,,,,1,2,0,,,,,3,202507020405,39.67388903878944,140.152222,,,0,,,,0,,,,,
82,,2810630,1,20250702,405,4,1,0,,,,,12,3,0,,,,,3,202507020405,39.69425003880535,140.122194,,,0,,,,0,,,,,
82,,2810640,1,20250702,405,0,0,0,,,,,3,3,0,,,,,3,202507020405,38.42574103771099,140.376255,,,0,,,,0,,,,,
82,,2810960,1,20250702,405,0,0,0,,,,,0,1,0,,,,,3,202507020405,40.26398203922775,141.40187,,,0,,,,0,,,,,
82,,2810970,1,20250702,405,0,0,0,,,,,1,0,0,,,,,3,202507020405,40.4453010393529,141.638612,,,0,,,,0,,,,,
82,,2810980,1,20250702,405,5,2,0,,,,,4,1,0,,,,,3,202507020405,40.30396403925574,141.3059,,,0,,,,0,,,,,
82,,2810990,1,20250702,405,0,1,0,,,,,1,2,0,,,,,3,202507020405,40.60361303945845,141.404748,,,0,,,,0,,,,,
82,,2811030,1,20250702,405,0,0,0,,,,,0,1,0,,,,,3,202507020405,39.608922038738314,140.57135,,,0,,,,0,,,,,
82,,2811080,1,20250702,405,0,0,0,,,,,1,0,0,,,,,3,202507020405,38.73957803800097,140.241932,,,0,,,,0,,,,,
82,,2811090,1,20250702,405,0,8,0,,,,,0,1,0,,,,,3,202507020405,38.73790803799946,140.135331,,,0,,,,0,,,,,
82,,2811100,1,20250702,405,,,,,,,,,,,,,,,3,202507020405,38.79085003804716,139.993766,,,1,,,,0,,,,,
82,,2811140,1,20250702,405,3,5,0,,,,,1,0,0,,,,,3,202507020405,37.03129103627806,140.879088,,,0,,,,0,,,,,
82,,2811160,1,20250702,405,0,2,0,,,,,0,1,0,,,,,3,202507020405,37.1928290364557,140.62122,,,0,,,,0,,,,,
82,,2811180,1,20250702,405,1,0,0,,,,,2,2,0,,,,,3,202507020405,38.49628003777725,139.970303,,,0,,,,0,,,,,
83,,3810010,1,20250702,405,1,7,0,,,,,1,2,0,,,,,3,202507020405,35.23222203411103,139.112514,,,0,0,0,0,0,0,0,0,0,0
83,,3810040,1,20250702,405,3,0,0,,,,,5,0,0,,,,,3,202507020405,35.26450803415279,139.182925,,,0,0,0,0,0,0,0,0,0,0
83,,3810060,1,20250702,405,33,10,0,,,,,21,5,0,,,,,3,202507020405,35.725261072361086,139.78833095668,,,0,0,0,0,0,0,0,0,0,0
83,,3810070,1,20250702,405,21,5,0,,,,,11,4,0,,,,,3,202507020405,35.735055772282294,139.795343463609,,,0,0,0,0,0,0,0,0,0,0
83,,3810080,1,20250702,405,0,0,0,,,,,38,7,0,,,,,3,202507020405,35.73896290498206,139.797270681572,,,0,0,0,0,0,0,0,0,0,0
83,,3810100,1,20250702,405,,,,,,,,,,,,,,,3,202507020405,36.53972203571964,139.883611,,,0,0,0,0,0,1,0,0,0,0
83,,3810110,1,20250702,405,2,7,0,,,,,2,6,0,,,,,3,202507020405,36.91694403615054,139.999722,,,0,0,0,0,0,0,0,0,0,0
83,,3810140,1,20250702,405,9,28,0,,,,,4,16,0,,,,,3,202507020405,35.9900520350645,139.793529,,,0,0,0,0,0,0,0,0,0,0
83,,3810151,1,20250702,405,13,30,0,,,,,3,22,0,,,,,3,202507020405,36.07984803517367,139.770041,,,0,0,0,0,0,0,0,0,0,0
83,,3810160,1,20250702,405,4,29,0,,,,,1,16,0,,,,,3,202507020405,36.167500035279446,139.779444,,,0,0,0,0,0,0,0,0,0,0
83,,3810180,1,20250702,405,1,14,0,,,,,4,22,0,,,,,3,202507020405,36.296506035433666,139.841547,,,0,0,0,0,0,0,0,0,0,0
83,,3810200,1,20250702,405,8,18,0,,,,,3,13,0,,,,,3,202507020405,36.57174703575683,139.941692,,,0,0,0,0,0,0,0,0,0,0
83,,3810210,1,20250702,405,28,0,0,,,,,0,0,0,,,,,3,202507020405,35.694558518577544,139.78420024258003,,,0,0,0,0,0,0,0,0,0,0
83,,3810220,1,20250702,405,,,,,,,,,,,,,,,3,202507020405,35.73416286894769,139.831977693081,,,1,0,0,0,0,0,0,0,0,0
83,,3810260,1,20250702,405,16,12,0,,,,,10,9,0,,,,,3,202507020405,35.83796603487771,139.939917,,,0,0,0,0,0,0,0,0,0,0
83,,3810280,1,20250702,405,19,13,0,,,,,15,12,0,,,,,3,202507020405,35.895306034948405,140.059167,,,0,0,0,0,0,0,0,0,0,0
83,,3810290,1,20250702,405,0,0,0,,,,,0,0,0,,,,,3,202507020405,36.06811403515946,140.179269,,,0,0,0,0,0,0,0,0,0,0
83,,3810300,1,20250702,405,,,,,,,,,,,,,,,3,202507020405,36.078239035171734,140.177747,,,1,,,,,,,,,
83,,3810320,1,20250702,405,2,1,0,,,,,6,14,0,,,,,3,202507020405,36.378875035531216,140.500661,,,0,0,0,0,0,0,0,0,0,0
83,,3810330,1,20250702,405,0,0,0,,,,,5,6,0,,,,,3,202507020405,36.655972035854084,140.701006,,,0,0,0,0,0,0,0,0,0,0
83,,3810340,1,20250702,405,3,1,0,,,,,0,0,0,,,,,3,202507020405,36.794736036012644,140.752922,,,0,0,0,0,0,0,0,0,0,0
83,,3810350,1,20250702,405,7,17,0,,,,,1,8,0,,,,,3,202507020405,35.92645303498668,140.111775,,,0,0,0,0,0,0,0,0,0,0
83,,3810360,1,20250702,405,23,6,0,,,,,15,0,0,,,,,3,202507020405,35.694040942069805,139.789910543304,,,0,0,0,0,0,0,0,0,0,0
83,,3810370,1,20250702,405,,,,,,,,,,,,,,,3,202507020405,35.702867388707524,139.866257828687,,,1,0,0,0,0,0,0,0,0,0
83,,3810380,1,20250702,405,22,16,0,,,,,18,15,0,,,,,3,202507020405,35.628891034617155,140.088076,,,0,0,0,0,0,0,0,0,0,0
83,,3810390,1,20250702,405,12,7,0,,,,,16,5,0,,,,,3,202507020405,35.62349099143046,139.737976826575,,,0,0,0,0,0,0,0,0,0,0
83,,3810400,1,20250702,405,1,0,0,,,,,1,1,0,,,,,3,202507020405,35.263900034152,139.698397,,,0,0,0,0,0,0,0,0,0,0
83,,3810410,1,20250702,405,8,1,0,,,,,2,2,0,,,,,3,202507020405,35.62304903460981,139.340292,,,0,0,0,0,0,0,0,0,0,0
83,,3810420,1,20250702,405,4,0,0,,,,,4,3,0,,,,,3,202507020405,35.67571003467587,139.331954,,,0,0,0,0,0,0,0,0,0,0
83,,3810431,1,20250702,405,7,12,0,,,,,22,12,0,,,,,3,202507020405,35.77594403480087,139.336731,,,0,0,0,0,0,0,0,0,0,0
86,,6810930,1,20250702,405,,,,,,,,,,,,,,,3,202507020405,34.047035032513286,135.189167,,,1,,0,,0,0,0,0,,0
83,,3810440,1,20250702,405,2,8,0,,,,,9,12,0,,,,,3,202507020405,35.82933103486704,139.380426,,,0,0,0,0,0,0,0,0,0,0
83,,3810460,1,20250702,405,7,17,0,,,,,13,21,0,,,,,3,202507020405,35.91289603497003,139.534764,,,0,0,0,0,0,0,0,0,0,0
83,,3810470,1,20250702,405,,,,,,,,3,4,0,,,,,3,202507020405,35.92749603498795,139.591065,,,0,0,0,0,0,0,0,0,0,0
83,,3810490,1,20250702,405,3,10,0,,,,,6,12,0,,,,,3,202507020405,35.992460035067445,139.820467,,,0,0,0,0,0,0,0,0,0,0
83,,3810500,1,20250702,405,26,11,0,,,,,3,7,0,,,,,3,202507020405,35.79376864024429,139.685717006056,,,0,0,0,0,0,0,0,0,0,0
83,,3810510,1,20250702,405,6,4,0,,,,,4,0,0,,,,,3,202507020405,35.8210620348568,139.680963,,,0,0,0,0,0,0,0,0,0,0
83,,3810520,1,20250702,405,16,31,0,,,,,12,10,0,,,,,3,202507020405,35.97632603504774,139.594106,,,0,0,0,0,0,0,0,0,0,0
83,,3810540,1,20250702,405,6,8,0,,,,,2,11,0,,,,,3,202507020405,36.230692035355204,139.2134,,,0,0,0,0,0,0,0,0,0,0
83,,3810560,1,20250702,405,,,,,,,,,,,,,,,3,202507020405,36.31113903545105,139.02725,,,1,0,0,0,0,0,0,0,0,0
83,,3810600,1,20250702,405,1,2,0,,,,,0,0,0,,,,,3,202507020405,36.68205603588405,138.968889,,,0,0,0,0,0,0,0,0,0,0
83,,3810610,1,20250702,405,22,24,0,,,,,,,,,,,,3,202507020405,35.84803703489016,139.625615,,,0,0,0,0,0,0,0,0,0,0
83,,3810620,1,20250702,405,,,,,,,,25,12,0,,,,,3,202507020405,35.84444303488572,139.626759,,,0,0,0,0,0,0,0,0,0,0
83,,3810670,1,20250702,405,,,,,,,,,,,,,,,3,202507020405,36.35330303550101,139.215067,,,0,0,0,0,0,1,0,0,0,0
83,,3810680,1,20250702,405,,,,,,,,,,,,,,,3,202507020405,36.37355603552494,139.151425,,,1,,,,,,,,,
83,,3810700,1,20250702,405,1,2,0,,,,,6,9,0,,,,,3,202507020405,36.33143303547511,138.895742,,,0,0,0,0,0,0,0,0,0,0
83,,3810710,1,20250702,405,,,,,,,,,,,,,,,3,202507020405,36.33250003547639,138.5235,,,0,0,0,0,0,1,0,0,0,0
83,,3810720,1,20250702,405,3,3,0,,,,,6,3,0,,,,,3,202507020405,36.49438903566681,138.150722,,,0,0,0,0,0,0,0,0,0,0
83,,3810740,1,20250702,405,1,1,0,,,,,6,2,0,,,,,3,202507020405,36.65492503585288,138.23375,,,0,0,0,0,0,0,0,0,0,0
83,,3810750,1,20250702,405,4,2,0,,,,,3,0,0,,,,,3,202507020405,36.695139035899054,138.26925,,,0,0,0,0,0,0,0,0,0,0
83,,3810760,1,20250702,405,3,0,0,,,,,0,0,0,,,,,3,202507020405,36.717694035924886,138.298306,,,0,0,0,0,0,0,0,0,0,0
83,,3810770,1,20250702,405,1,2,0,,,,,1,0,0,,,,,3,202507020405,36.75032203596213,138.212264,,,0,0,0,0,0,0,0,0,0,0
83,,3810780,1,20250702,405,0,0,0,,,,,2,3,0,,,,,3,202507020405,36.792972036010646,138.219778,,,0,0,0,0,0,0,0,0,0,0
83,,3810790,1,20250702,405,5,0,0,,,,,0,3,0,,,,,3,202507020405,36.406417035563685,138.204417,,,0,0,0,0,0,0,0,0,0,0
83,,3810800,1,20250702,405,0,0,0,,,,,0,0,0,,,,,3,202507020405,36.82044403604179,138.192306,,,0,0,0,0,0,0,0,0,0,0
83,,3810810,1,20250702,405,0,0,0,,,,,1,0,0,,,,,3,202507020405,36.8368890360604,138.205542,,,0,0,0,0,0,0,0,0,0,0
83,,3810830,1,20250702,405,4,2,0,,,,,1,0,0,,,,,3,202507020405,36.23586103536139,137.9565,,,0,0,0,0,0,0,0,0,0,0
83,,3810840,1,20250702,405,1,2,0,,,,,0,1,0,,,,,3,202507020405,36.38313903553625,137.925722,,,0,0,0,0,0,0,0,0,0,0
83,,3810850,1,20250702,405,0,1,0,,,,,0,0,0,,,,,3,202507020405,36.4623860356294,137.946275,,,0,0,0,0,0,0,0,0,0,0
83,,3810860,1,20250702,405,2,0,0,,,,,3,2,0,,,,,3,202507020405,36.5884720357762,138.050889,,,0,0,0,0,0,0,0,0,0,0
83,,3810870,1,20250702,405,2,0,0,,,,,1,0,0,,,,,3,202507020405,36.61469403580651,138.085167,,,0,0,0,0,0,0,0,0,0,0
83,,3810880,1,20250702,405,3,0,0,,,,,1,0,0,,,,,3,202507020405,36.615111035807,138.086528,,,0,0,0,0,0,0,0,0,0,0
83,,3810900,1,20250702,405,0,0,0,,,,,1,0,0,,,,,3,202507020405,36.62808303582196,138.153194,,,0,0,0,0,0,0,0,0,0,0
83,,3810910,1,20250702,405,4,1,0,,,,,3,0,0,,,,,3,202507020405,36.64626403584291,138.18197200000003,,,0,0,0,0,0,0,0,0,0,0
83,,3810920,1,20250702,405,1,0,0,,,,,3,0,0,,,,,3,202507020405,36.648972035846036,138.193972,,,0,0,0,0,0,0,0,0,0,0
83,,3810930,1,20250702,405,0,1,0,,,,,3,0,0,,,,,3,202507020405,36.616944035809105,138.133611,,,0,0,0,0,0,0,0,0,0,0
83,,3810960,1,20250702,405,,,,,,,,,,,,,,,3,202507020405,35.670246331649835,139.627355578637,,,1,0,0,0,0,0,0,0,0,0
83,,3810970,1,20250702,405,2,1,0,,,,,4,0,0,,,,,3,202507020405,35.61726703460252,139.240054,,,0,0,0,0,0,0,0,0,0,0
83,,3810980,1,20250702,405,3,3,0,,,,,5,1,0,,,,,3,202507020405,35.62000003460596,139.1275,,,0,0,0,0,0,0,0,0,0,0
83,,3811000,1,20250702,405,0,0,0,,,,,2,1,0,,,,,3,202507020405,35.604222034586115,138.92594400000002,,,0,0,0,0,0,0,0,0,0,0
83,,3811030,1,20250702,405,5,1,0,,,,,1,7,0,,,,,3,202507020405,35.643889034635976,138.636389,,,0,0,0,0,0,0,0,0,0,0
83,,3811050,1,20250702,405,,,,,,,,,,,,,,,3,202507020405,35.91541703497313,138.227361,,,0,0,0,0,0,0,1,0,0,0
83,,3811060,1,20250702,405,2,1,0,,,,,0,2,0,,,,,3,202507020405,35.94028603500364,138.197875,,,0,0,0,0,0,0,0,0,0,0
83,,3811070,1,20250702,405,5,1,0,,,,,0,1,0,,,,,3,202507020405,36.029750035112876,138.1255,,,0,0,0,0,0,0,0,0,0,0
83,,3811080,1,20250702,405,4,2,0,,,,,6,4,0,,,,,3,202507020405,36.077694035171085,138.037889,,,0,0,0,0,0,0,0,0,0,0
83,,3811090,1,20250702,405,0,0,0,,,,,3,1,0,,,,,3,202507020405,36.12191703522454,137.959472,,,0,0,0,0,0,0,0,0,0,0
83,,3811100,1,20250702,405,0,0,0,,,,,0,0,0,,,,,3,202507020405,35.9769440350485,138.163333,,,0,0,0,0,0,0,0,0,0,0
83,,3811110,1,20250702,405,2,3,0,,,,,1,4,0,,,,,3,202507020405,36.08683303518214,138.06408300000004,,,0,0,0,0,0,0,0,0,0,0
83,,3811121,1,20250702,405,,,,,,,,2,2,0,,,,,3,202507020405,35.63168503462065,139.28402,,,0,0,0,0,0,0,0,0,0,0
83,,3811130,1,20250702,405,2,0,0,,,,,1,0,0,,,,,3,202507020405,35.99511103507067,138.139278,,,0,0,0,0,0,0,0,0,0,0
83,,3811190,1,20250702,405,4,4,0,,,,,0,4,0,,,,,3,202507020405,36.38173603553459,140.325428,,,0,0,0,0,0,0,0,0,0,0
83,,3811220,1,20250702,405,,,,,,,,,,,,,,,3,202507020405,35.959128035026716,140.602286,,,1,0,0,0,0,0,0,0,0,0
83,,3811230,1,20250702,405,0,0,0,,,,,0,2,0,,,,,3,202507020405,35.95769703502496,140.602514,,,0,0,0,0,0,0,0,0,0,0
83,,3811240,1,20250702,405,0,2,0,,,,,2,3,0,,,,,3,202507020405,35.200928034070465,138.520986,,,0,0,0,0,0,0,0,0,0,0
83,,3811250,1,20250702,405,0,0,0,,,,,0,0,0,,,,,3,202507020405,35.31250003421467,138.442011,,,0,0,0,0,0,0,0,0,0,0
83,,3811270,1,20250702,405,2,1,0,,,,,2,0,0,,,,,3,202507020405,35.5316670344945,138.450278,,,0,0,0,0,0,0,0,0,0,0
83,,3811290,1,20250702,405,0,0,0,,,,,3,0,0,,,,,3,202507020405,35.041444033862305,139.833306,,,0,0,0,0,0,0,0,0,0,0
83,,3811300,1,20250702,405,1,0,0,,,,,0,0,0,,,,,3,202507020405,35.157361034013846,139.819,,,0,0,0,0,0,0,0,0,0,0
83,,3811330,1,20250702,405,3,2,0,,,,,2,1,0,,,,,3,202507020405,35.53888903450364,138.885556,,,0,0,0,0,0,0,0,0,0,0
83,,3811340,1,20250702,405,4,4,0,,,,,4,0,0,,,,,3,202507020405,35.60305603458465,138.940833,,,0,0,0,0,0,0,0,0,0,0
83,,3811360,1,20250702,405,17,31,0,,,,,16,11,0,,,,,3,202507020405,35.48552503443597,139.460986,,,0,0,0,0,0,0,0,0,0,0
83,,3811370,1,20250702,405,,,,,,,,,,,,,,,3,202507020405,35.35857503427389,139.075042,,,1,0,0,0,0,0,0,0,0,0
83,,3811390,1,20250702,405,19,17,0,,,,,,,,,,,,3,202507020405,35.64686740024182,139.854860316246,,,0,0,0,0,0,0,0,0,0,0
83,,3811400,1,20250702,405,,,,,,,,17,16,0,,,,,3,202507020405,35.64717212036359,139.836463807018,,,0,0,0,0,0,0,0,0,0,0
83,,3811401,1,20250702,405,0,0,0,,,,,,,,,,,,3,202507020405,35.64792275306184,139.837391468126,,,0,0,0,0,0,0,0,0,0,0
83,,3811410,1,20250702,405,,,,,,,,,,,,,,,3,202507020405,35.6321085640565,139.785108560174,,,1,0,0,0,0,0,0,0,0,0
83,,3811411,1,20250702,405,,,,,,,,24,23,0,,,,,3,202507020405,35.63193106766495,139.786372369256,,,0,0,0,0,0,0,0,0,0,0
83,,3811420,1,20250702,405,,,,,,,,,,,,,,,3,202507020405,35.57873713134419,139.756665501316,,,1,0,0,0,0,0,0,0,0,0
83,,3811421,1,20250702,405,,,,,,,,13,20,0,,,,,3,202507020405,35.573715682248654,139.759184371525,,,0,0,0,0,0,0,0,0,0,0
83,,3811430,1,20250702,405,32,17,0,,,,,18,25,0,,,,,3,202507020405,35.6138270345982,140.103045,,,0,0,0,0,0,0,0,0,0,0
83,,3811440,1,20250702,405,0,0,0,,,,,7,0,0,,,,,3,202507020405,35.60712645223976,139.747366707275,,,0,0,0,0,0,0,0,0,0,0
84,,4810010,1,20250702,405,7,3,0,,,,,25,8,0,,,,,3,202507020405,37.9300000372281,139.134722,,,0,0,0,0,0,0,0,0,0,0
84,,4810020,1,20250702,405,5,6,0,,,,,9,4,0,,,,,3,202507020405,37.95278103725094,139.213611,,,0,0,0,0,0,0,0,0,0,0
84,,4810040,1,20250702,405,5,2,0,,,,,3,1,0,,,,,3,202507020405,37.96305603726123,139.3275,,,0,0,0,0,0,0,0,0,0,0
84,,4810060,1,20250702,405,3,0,0,,,,,0,0,0,,,,,3,202507020405,38.2550360375481,139.501792,,,0,0,0,0,0,0,0,0,0,0
84,,4810070,1,20250702,405,2,3,0,,,,,2,1,0,,,,,3,202507020405,38.28200003757407,139.521444,,,0,0,0,0,0,0,0,0,0,0
84,,4810080,1,20250702,405,1,2,0,,,,,0,0,0,,,,,3,202507020405,38.374925037662884,139.556342,,,0,0,0,0,0,0,0,0,0,0
84,,4810090,1,20250702,405,3,1,0,,,,,1,6,0,,,,,3,202507020405,37.5351670368223,138.881569,,,0,0,0,0,0,0,0,0,0,0
84,,4810100,1,20250702,405,8,1,0,,,,,4,2,0,,,,,3,202507020405,37.473639036757405,138.880583,,,0,0,0,0,0,0,0,0,0,0
84,,4810110,1,20250702,405,3,1,0,,,,,3,0,0,,,,,3,202507020405,37.459033036741936,138.856414,,,0,0,0,0,0,0,0,0,0,0
84,,4810120,1,20250702,405,0,0,0,,,,,6,0,0,,,,,3,202507020405,37.462169036745266,138.845592,,,0,0,0,0,0,0,0,0,0,0
84,,4810130,1,20250702,405,2,2,0,,,,,3,0,0,,,,,3,202507020405,37.44445303672647,138.785889,,,0,0,0,0,0,0,0,0,0,0
84,,4810140,1,20250702,405,0,0,0,,,,,6,2,0,,,,,3,202507020405,37.44069403672249,138.740364,,,0,0,0,0,0,0,0,0,0,0
84,,4810150,1,20250702,405,0,0,0,,,,,3,0,0,,,,,3,202507020405,37.41229403669227,138.674192,,,0,0,0,0,0,0,0,0,0,0
84,,4810160,1,20250702,405,1,5,0,,,,,0,4,0,,,,,3,202507020405,37.23896903650589,138.343486,,,0,0,0,0,0,0,0,0,0,0
84,,4810170,1,20250702,405,4,4,0,,,,,2,3,0,,,,,3,202507020405,37.18690003644924,138.272953,,,0,0,0,0,0,0,0,0,0,0
84,,4810180,1,20250702,405,4,1,0,,,,,3,2,0,,,,,3,202507020405,37.17543303643671,138.266805,,,0,0,0,0,0,0,0,0,0,0
84,,4810190,1,20250702,405,2,0,0,,,,,8,2,0,,,,,3,202507020405,37.1623530364224,138.247561,,,0,0,0,0,0,0,0,0,0,0
84,,4810210,1,20250702,405,,,,,,,,,,,,,,,3,202507020405,37.08795603634071,137.96033,,,1,0,0,0,0,0,0,0,0,0
84,,4810220,1,20250702,405,1,0,0,,,,,5,1,0,,,,,3,202507020405,37.057208036306754,137.905455,,,0,0,0,0,0,0,0,0,0,0
84,,4810230,1,20250702,405,0,0,0,,,,,1,0,0,,,,,3,202507020405,37.050899036299775,137.885459,,,0,0,0,0,0,0,0,0,0,0
84,,4810250,1,20250702,405,2,0,0,,,,,0,0,0,,,,,3,202507020405,37.05093203629982,137.890368,,,0,0,0,0,0,0,0,0,0,0
84,,4810260,1,20250702,405,2,4,0,,,,,1,4,0,,,,,3,202507020405,36.9856190362273,138.808078,,,0,0,0,0,0,0,0,0,0,0
84,,4810270,1,20250702,405,1,0,0,,,,,1,4,0,,,,,3,202507020405,37.24858103651632,138.916575,,,0,0,0,0,0,0,0,0,0,0
84,,4810280,1,20250702,405,0,0,0,,,,,0,0,0,,,,,3,202507020405,37.17036103643117,138.942139,,,0,0,0,0,0,0,0,0,0,0
84,,4810290,1,20250702,405,0,0,0,,,,,0,0,0,,,,,3,202507020405,37.07683703632844,138.265595,,,0,0,0,0,0,0,0,0,0,0
84,,4810300,1,20250702,405,0,0,0,,,,,0,3,0,,,,,3,202507020405,37.66361103695634,139.536806,,,0,0,0,0,0,0,0,0,0,0
84,,4810310,1,20250702,405,6,8,0,,,,,3,0,0,,,,,3,202507020405,37.84055603713779,139.147778,,,0,0,0,0,0,0,0,0,0,0
84,,4810330,1,20250702,405,18,4,0,,,,,9,5,0,,,,,3,202507020405,37.8978060371957,139.070722,,,0,0,0,0,0,0,0,0,0,0
84,,4810340,1,20250702,405,0,2,0,,,,,0,3,0,,,,,3,202507020405,37.563464036852,138.734306,,,0,0,0,0,0,0,0,0,0,0
84,,4810350,1,20250702,405,3,2,0,,,,,0,5,0,,,,,3,202507020405,37.61757803690852,138.825033,,,0,0,0,0,0,0,0,0,0,0
84,,4810360,1,20250702,405,4,2,0,,,,,0,2,0,,,,,3,202507020405,37.690358036984,138.885919,,,0,0,0,0,0,0,0,0,0,0
84,,4810370,1,20250702,405,4,0,0,,,,,2,1,0,,,,,3,202507020405,37.8052690371019,138.92235,,,0,0,0,0,0,0,0,0,0,0
84,,4810380,1,20250702,405,8,0,0,,,,,4,5,0,,,,,3,202507020405,37.86309703716064,138.981,,,0,0,0,0,0,0,0,0,0,0
84,,4810395,1,20250702,405,2,1,0,,,,,2,0,0,,,,,3,202507020405,36.691540505894935,136.9116223,,,0,,,,0,0,,,0,0
84,,4810406,1,20250702,405,0,1,0,,,,,3,2,0,,,,,3,202507020405,36.89660103612769,137.444677,,,0,,,,0,0,,,0,0
84,,4810410,1,20250702,405,,,,,,,,,,,,,,,3,202507020405,36.816442036037266,137.41630300000003,,,0,0,0,0,0,1,1,0,0,0
84,,4810420,1,20250702,405,2,1,0,,,,,3,1,0,,,,,3,202507020405,36.718606035925916,137.303914,,,0,0,0,0,0,0,0,0,0,0
84,,4810430,1,20250702,405,,,,,,,,,,,,,,,3,202507020405,36.71795303592518,137.279328,,,0,0,0,0,0,1,1,0,0,0
84,,4810440,1,20250702,405,,,,,,,,,,,,,,,3,202507020405,36.72027203592783,137.263083,,,0,0,0,0,0,1,1,0,0,0
84,,4810445,1,20250702,405,5,2,0,,,,,2,5,0,,,,,3,202507020405,36.73017862593915,137.18171158,,,0,,,,0,0,,,0,0
84,,4810447,1,20250702,405,5,5,1,,,,,1,6,0,,,,,3,202507020405,36.72863947593739,137.12486156,,,0,,,,0,0,,,0,0
84,,4810454,1,20250702,405,0,0,2,,,,,2,1,0,,,,,3,202507020405,36.744673195955684,136.99179584,,,0,,,,0,0,,,0,0
84,,4810460,1,20250702,405,,,,,,,,,,,,,,,3,202507020405,36.68745003589023,136.855675,,,1,0,0,0,0,1,1,0,0,0
84,,4810462,1,20250702,405,1,2,0,,,,,0,0,0,,,,,3,202507020405,36.525710035703334,137.22999,,,0,,,,0,0,,,0,0
84,,4810463,1,20250702,405,1,1,1,,,,,2,0,0,,,,,3,202507020405,36.53609652571542,137.23114399,,,0,,,,0,0,,,0,0
84,,4810470,1,20250702,405,,,,,,,,,,,,,,,3,202507020405,36.69575603589977,137.237889,,,1,0,0,0,0,0,0,0,0,0
84,,4810480,1,20250702,405,0,0,0,,,,,0,0,0,,,,,3,202507020405,36.580522035767004,136.965706,,,0,0,0,0,0,0,0,0,0,0
84,,4810485,1,20250702,405,1,0,0,,,,,1,0,0,,,,,3,202507020405,36.68510836918755,136.9765361111,,,0,,,,0,0,,,0,0
84,,4810490,1,20250702,405,,,,,,,,,,,,,,,3,202507020405,36.74530803595641,137.01085,,,0,0,0,0,0,1,1,0,0,0
84,,4810500,1,20250702,405,,,,,,,,,,,,,,,3,202507020405,36.91246103614551,137.019489,,,0,0,0,0,0,1,1,0,0,0
84,,4810510,1,20250702,405,,,,,,,,,,,,,,,3,202507020405,36.84943603607457,136.97895,,,1,,,,,,,,,
84,,4810530,1,20250702,405,8,9,0,,,,,2,3,0,,,,,3,202507020405,36.44611103561032,136.488056,,,0,0,0,0,0,0,0,0,0,0
84,,4810540,1,20250702,405,4,4,0,,,,,3,3,0,,,,,3,202507020405,36.357575035506066,136.452056,,,0,0,0,0,0,0,0,0,0,0
84,,4810550,1,20250702,405,6,2,0,,,,,1,1,0,,,,,3,202507020405,36.32672203546954,136.41169500000004,,,0,0,0,0,0,0,0,0,0,0
84,,4810570,1,20250702,405,2,0,0,,,,,2,0,0,,,,,3,202507020405,36.571667035756725,136.655556,,,0,0,0,0,0,0,0,0,0,0
84,,4810580,1,20250702,405,5,0,0,,,,,6,0,0,,,,,3,202507020405,36.54430803572498,136.640516,,,0,0,0,0,0,0,0,0,0,0
84,,4810590,1,20250702,405,4,1,0,,,,,10,0,0,,,,,3,202507020405,36.54061903572069,136.623128,,,0,0,0,0,0,0,0,0,0,0
84,,4810600,1,20250702,405,,,,,,,,,,,,,,,3,202507020405,37.04041903628817,136.969305,,,1,0,0,0,0,0,0,0,0,0
84,,4810610,1,20250702,405,0,0,0,,,,,2,2,0,,,,,3,202507020405,36.90469303613679,136.830093,,,0,0,0,0,0,0,0,0,0,0
84,,4810620,1,20250702,405,0,0,0,,,,,0,1,0,,,,,3,202507020405,36.86972803609746,136.79694700000002,,,0,0,0,0,0,0,0,0,0,0
84,,4810630,1,20250702,405,5,0,0,,,,,2,0,0,,,,,3,202507020405,36.560782035744104,136.677711,,,0,0,0,0,0,0,0,0,0,0
85,22,5810040,1,20250702,405,15,10,,,,,,10,10,,,,,,3,202507020405,35.00879903381941,138.422745,,,0,,0,,0,0,0,0,,0
85,22,5810060,1,20250702,405,0,0,,,,,,0,0,,,,,,3,202507020405,34.90554603368308,138.270337,,,0,,0,,0,0,0,0,,0
85,22,5810080,1,20250702,405,2,5,,,,,,0,0,,,,,,3,202507020405,34.84454203360207,138.151981,,,0,,0,,0,0,0,0,,0
85,22,5810090,1,20250702,405,5,3,,,,,,1,2,,,,,,3,202507020405,34.78638703352455,138.050184,,,0,,0,,0,0,0,0,,0
85,22,5810100,1,20250702,405,5,9,,,,,,4,11,,,,,,3,202507020405,34.77075503350366,137.978062,,,0,,0,,0,0,0,0,,0
85,22,5810110,1,20250702,405,4,6,,,,,,28,3,,,,,,3,202507020405,34.76273603349293,137.969553,,,0,,0,,0,0,0,0,,0
85,23,5810190,1,20250702,405,3,2,,,,,,2,4,,,,,,3,202507020405,35.11388803395716,136.734972,,,0,,0,,0,0,0,0,,0
85,24,5810210,1,20250702,405,0,3,,,,,,8,6,,,,,,3,202507020405,34.86311003362677,136.47097,,,0,,0,,0,0,0,0,,0
85,21,5810280,1,20250702,405,4,1,,,,,,5,3,,,,,,3,202507020405,35.365972034283374,137.22477800000001,,,0,,0,,0,0,0,0,,0
85,21,5810340,1,20250702,405,0,0,,,,,,3,3,,,,,,3,202507020405,35.45966703440309,137.442028,,,0,,0,,0,0,0,0,,0
85,21,5810350,1,20250702,405,0,0,,,,,,0,0,,,,,,3,202507020405,35.51200003446958,137.521639,,,0,,0,,0,0,0,0,,0
85,21,5810360,1,20250702,405,1,0,,,,,,2,4,,,,,,3,202507020405,35.581250034557165,137.537222,,,0,,0,,0,0,0,0,,0
85,21,5810370,1,20250702,405,0,0,,,,,,1,2,,,,,,3,202507020405,35.81618803485076,137.683244,,,0,,0,,0,0,0,0,,0
85,21,5810380,1,20250702,405,0,0,,,,,,0,0,,,,,,3,202507020405,35.91502403497266,137.77069,,,0,,0,,0,1,1,0,,0
85,21,5810390,1,20250702,405,0,0,,,,,,0,0,,,,,,3,202507020405,35.93471103499681,137.786917,,,0,,0,,0,1,1,0,,0
85,21,5810420,1,20250702,405,0,0,,,,,,2,0,,,,,,3,202507020405,35.37572803429589,137.190676,,,0,,0,,0,0,0,0,,0
85,21,5810440,1,20250702,405,1,1,,,,,,0,2,,,,,,3,202507020405,35.426917034361345,137.132361,,,0,,0,,0,0,0,0,,0
85,21,5810490,1,20250702,405,4,0,,,,,,3,3,,,,,,3,202507020405,35.371615034290606,136.644153,,,0,,0,,0,0,0,0,,0
85,21,5810510,1,20250702,405,1,0,,,,,,0,0,,,,,,3,202507020405,35.37112003428997,136.453326,,,0,,0,,0,0,0,0,,0
85,23,5810530,1,20250702,405,15,20,,,,,,4,3,,,,,,3,202507020405,34.696128033403625,137.40686,,,0,,0,,0,0,0,0,,0
85,23,5810570,1,20250702,405,11,4,,,,,,17,9,,,,,,3,202507020405,34.84938803360853,137.221222,,,0,,0,,0,0,0,0,,0
85,23,5810580,1,20250702,405,19,3,,,,,,9,8,,,,,,3,202507020405,34.84869403360759,137.197416,,,0,,0,,0,0,0,0,,0
85,23,5810620,1,20250702,405,20,35,,,,,,24,8,,,,,,3,202507020405,35.10119403394058,136.86925,,,0,,0,,0,0,0,0,,0
85,24,5810670,1,20250702,405,7,1,,,,,,3,0,,,,,,3,202507020405,34.65002003334157,136.51956,,,0,,0,,0,0,0,0,,0
85,24,5810680,1,20250702,405,9,8,,,,,,4,0,,,,,,3,202507020405,34.71907003343443,136.4716,,,0,,0,,0,0,0,0,,0
85,24,5810690,1,20250702,405,9,2,,,,,,4,1,,,,,,3,202507020405,34.64712003333765,136.49449,,,0,,0,,0,0,0,0,,0
85,24,5810700,1,20250702,405,1,0,,,,,,6,31,,,,,,3,202507020405,34.850220033609624,136.416645,,,0,,0,,0,0,0,0,,0
85,24,5810730,1,20250702,405,4,0,,,,,,8,0,,,,,,3,202507020405,34.62822503331218,135.986212,,,0,,0,,0,0,0,0,,0
85,21,5810760,1,20250702,405,1,0,,,,,,3,2,,,,,,3,202507020405,35.55276203452119,137.177488,,,0,,0,,0,0,0,0,,0
85,21,5810770,1,20250702,405,0,0,,,,,,0,0,,,,,,3,202507020405,35.64602003463866,137.169715,,,0,,0,,0,0,0,0,,0
85,21,5810780,1,20250702,405,0,0,,,,,,2,0,,,,,,3,202507020405,35.667031034665,137.162564,,,0,,0,,0,0,0,0,,0
85,21,5810790,1,20250702,405,0,0,,,,,,0,1,,,,,,3,202507020405,35.74291003475978,137.208481,,,0,,0,,0,0,0,0,,0
85,21,5810800,1,20250702,405,1,0,,,,,,0,0,,,,,,3,202507020405,35.77947703480525,137.252586,,,0,,0,,0,0,0,0,,0
85,21,5810810,1,20250702,405,0,0,,,,,,1,1,,,,,,3,202507020405,35.83471903487371,137.232014,,,0,,0,,0,0,0,0,,0
85,21,5810830,1,20250702,405,0,0,,,,,,1,0,,,,,,3,202507020405,36.02357503510535,137.294767,,,0,,0,,0,0,0,0,,0
85,21,5810840,1,20250702,405,0,0,,,,,,6,0,,,,,,3,202507020405,36.10871303520861,137.266233,,,0,,0,,0,0,0,0,,0
85,21,5810850,1,20250702,405,2,1,,,,,,3,1,,,,,,3,202507020405,36.12373303522673,137.258932,,,0,,0,,0,0,0,0,,0
85,21,5810860,1,20250702,405,0,1,,,,,,1,0,,,,,,3,202507020405,36.25072803537914,137.162845,,,0,,0,,0,0,0,0,,0
85,21,5810880,1,20250702,405,0,0,,,,,,0,1,,,,,,3,202507020405,36.31423303545473,137.259675,,,0,,0,,0,0,0,0,,0
85,24,5810890,1,20250702,405,0,0,,,,,,0,0,,,,,,3,202507020405,34.407524733012174,136.4423714,,,0,,0,,0,0,0,0,,0
85,24,5810900,1,20250702,405,0,0,,,,,,0,0,,,,,,3,202507020405,34.1617406326732,136.2779067,,,0,,0,,0,0,0,0,,0
85,24,5810930,1,20250702,405,0,0,,,,,,0,0,,,,,,3,202507020405,33.98629813242818,136.1080803,,,0,,0,,0,0,0,0,,0
85,24,5810940,1,20250702,405,0,0,,,,,,0,0,,,,,,3,202507020405,33.93298113235323,136.0940822,,,0,,0,,0,0,0,0,,0
85,24,5810960,1,20250702,405,0,0,,,,,,0,0,,,,,,3,202507020405,34.00152563244955,136.1851117,,,0,,0,,0,0,0,0,,0
85,24,5810970,1,20250702,405,0,0,,,,,,0,0,,,,,,3,202507020405,33.942137832366114,136.1524581,,,0,,0,,0,0,0,0,,0
85,24,5810980,1,20250702,405,0,0,,,,,,0,0,,,,,,3,202507020405,33.92889863234747,136.1381858,,,0,,0,,0,0,0,0,,0
85,24,5810990,1,20250702,405,0,0,,,,,,5,0,,,,,,3,202507020405,33.74057583208088,135.9955167,,,0,,0,,0,0,0,0,,0
85,24,5811000,1,20250702,405,0,0,,,,,,0,0,,,,,,1,202507020405,34.10420863259313,136.1948133,,,0,,0,,0,0,0,0,,0
85,22,5811050,1,20250702,405,0,2,,,,,,0,0,,,,,,3,202507020405,35.37095103428976,138.860418,,,0,,0,,0,0,0,0,,0
85,23,5811110,1,20250702,405,0,0,,,,,,2,0,,,,,,3,202507020405,35.135027033984734,137.309194,,,0,,0,,0,0,0,0,,0
85,23,5811120,1,20250702,405,0,0,,,,,,0,1,,,,,,3,202507020405,35.149777034003954,137.332722,,,0,,0,,0,0,0,0,,0
85,23,5811130,1,20250702,405,0,0,,,,,,1,0,,,,,,3,202507020405,35.1700830340304,137.406805,,,0,,0,,0,0,0,0,,0
85,23,5811140,1,20250702,405,0,0,,,,,,0,0,,,,,,3,202507020405,35.221388034097004,137.524166,,,0,,0,,0,0,0,0,,0
85,21,5811150,1,20250702,405,0,0,,,,,,1,0,,,,,,3,202507020405,35.46219703440631,137.756093,,,0,,0,,0,0,0,0,,0
85,21,5811160,1,20250702,405,0,0,,,,,,1,0,,,,,,3,202507020405,35.50206103445697,137.792544,,,0,,0,,0,0,0,0,,0
85,23,5811170,1,20250702,405,2,0,,,,,,1,1,,,,,,3,202507020405,35.21055503408296,137.106666,,,0,,0,,0,0,0,0,,0
85,21,5811190,1,20250702,405,0,0,,,,,,0,0,,,,,,3,202507020405,35.601941034583234,136.937212,,,0,,0,,0,0,0,0,,0
85,21,5811210,1,20250702,405,0,0,,,,,,0,0,,,,,,3,202507020405,35.86111303490629,136.863612,,,0,,0,,0,0,0,0,,0
85,21,5811230,1,20250702,405,0,1,,,,,,1,0,,,,,,3,202507020405,36.13868903524477,137.164639,,,0,,0,,0,0,0,0,,0
85,21,5811240,1,20250702,405,0,0,,,,,,1,0,,,,,,3,202507020405,36.16135703527206,137.222749,,,0,,0,,0,0,0,0,,0
85,22,5811250,1,20250702,405,,,,,,,,,,,,,,,3,202507020405,35.312573034214765,138.927446,,,1,,0,,0,0,0,0,,0
85,21,5811270,1,20250702,405,3,1,,,,,,0,0,,,,,,3,202507020405,35.23023303410846,136.596679,,,0,,0,,0,0,0,0,,0
85,23,5811320,1,20250702,405,5,0,,,,,,0,0,,,,,,3,202507020405,35.09388803393102,136.812222,,,0,,0,,0,0,0,0,,0
85,21,5811330,1,20250702,405,0,0,,,,,,0,0,,,,,,3,202507020405,35.46731303441282,137.78409,,,0,,0,,0,0,0,0,,0
86,,6810040,1,20250702,405,6,2,,,,,,12,2,,,,,,3,202507020405,34.98861103379282,135.788056,,,0,,0,,0,0,0,0,,0
86,,6810050,1,20250702,405,2,4,,,,,,0,0,,,,,,3,202507020405,34.987222033791,135.75305600000002,,,0,,0,,0,0,0,0,,0
86,,6810089,1,20250702,405,,,,,,,,,,,,,,,3,202507020405,34.978118033779,135.908546,,,1,,0,,0,0,0,0,,0
86,,6810090,1,20250702,405,2,2,,,,,,0,0,,,,,,3,202507020405,34.83138903358458,135.72305600000004,,,0,,0,,0,0,0,0,,0
86,,6810100,1,20250702,405,0,0,,,,,,0,2,,,,,,3,202507020405,34.83138903358458,135.723889,,,0,,0,,0,0,0,0,,0
86,,6810130,1,20250702,405,1,8,,,,,,1,2,,,,,,3,202507020405,34.842500033599364,134.330556,,,0,,0,,0,0,0,0,,0
86,,6810135,1,20250702,405,5,10,,,,,,0,0,,,,,,3,202507020405,36.18333336529846,136.26777780000003,,,0,,0,,0,0,0,0,,0
86,,6810140,1,20250702,405,0,1,,,,,,1,1,,,,,,3,202507020405,36.14305603525003,136.263889,,,0,,0,,0,0,0,0,,0
86,,6810150,1,20250702,405,5,0,,,,,,1,0,,,,,,3,202507020405,36.0772220351705,136.244444,,,0,,0,,0,0,0,0,,0
86,,6810160,1,20250702,405,,,,,,,,,,,,,,,3,202507020405,36.02444403510641,136.218333,,,1,,0,,0,0,0,0,,0
86,,6810165,1,20250702,405,0,0,,,,,,0,0,,,,,,3,202507020405,35.980555595052905,136.1958333,,,0,,0,,0,0,0,0,,0
86,,6810170,1,20250702,405,,,,,,,,,,,,,,,3,202507020405,35.95555603502233,136.188889,,,1,,0,,0,0,0,0,,0
86,,6810180,1,20250702,405,2,0,,,,,,0,2,,,,,,3,202507020405,35.878333034927515,136.169444,,,0,,0,,0,0,0,0,,0
86,,6810190,1,20250702,405,5,1,,,,,,3,3,,,,,,3,202507020405,35.719444034730536,136.094722,,,0,,0,,0,0,0,0,,0
86,,6810200,1,20250702,405,0,0,,,,,,0,0,,,,,,3,202507020405,35.66555603466316,136.083056,,,0,,0,,0,0,0,0,,0
86,,6810220,1,20250702,405,0,0,,,,,,2,0,,,,,,3,202507020405,35.60416703458605,136.107222,,,0,,0,,0,0,0,0,,0
86,,6810230,1,20250702,405,0,2,,,,,,0,2,,,,,,3,202507020405,35.57603003455058,136.122756,,,0,,0,,0,0,0,0,,0
86,,6810240,1,20250702,405,,,,,,,,,,,,,,,3,202507020405,35.512778034470564,136.173333,,,1,,0,,0,0,0,0,,0
86,,6810241,1,20250702,405,,,,,,,,,,,,,,,3,202507020405,35.4322160343681,136.245092,,,1,,0,,0,1,1,0,,0
86,,6810250,1,20250702,405,,,,,,,,,,,,,,,3,202507020405,35.27555603416706,136.269444,,,1,,0,,0,0,0,0,,0
86,,6810260,1,20250702,405,0,2,,,,,,4,0,,,,,,3,202507020405,35.11611103396005,136.128333,,,0,,0,,0,0,0,0,,0
86,,6810270,1,20250702,405,3,0,,,,,,5,8,,,,,,3,202507020405,35.091944033928485,136.089722,,,0,,0,,0,0,0,0,,0
86,,6810280,1,20250702,405,0,0,,,,,,0,0,,,,,,3,202507020405,35.66000003465618,136.084722,,,0,,0,,0,0,0,0,,0
86,,6810290,1,20250702,405,4,4,,,,,,8,1,,,,,,3,202507020405,34.996111033802705,135.722222,,,0,,0,,0,0,0,0,,0
86,,6810300,1,20250702,405,0,0,,,,,,0,0,,,,,,3,202507020405,34.981944033784046,135.693056,,,0,,0,,0,0,0,0,,0
86,,6810310,1,20250702,405,2,0,,,,,,0,0,,,,,,3,202507020405,34.981944033784046,135.692917,,,0,,0,,0,0,0,0,,0
86,,6810320,1,20250702,405,1,9,,,,,,2,0,,,,,,3,202507020405,34.992500033797945,135.64750000000004,,,0,,0,,0,0,0,0,,0
86,,6810330,1,20250702,405,4,9,,,,,,3,1,,,,,,3,202507020405,34.989722033794294,135.636667,,,0,,0,,0,0,0,0,,0
86,,6810335,1,20250702,405,0,1,,,,,,2,0,,,,,,3,202507020405,35.488936034440314,135.756215,,,0,,0,,0,0,0,0,,0
86,,6810340,1,20250702,405,0,0,,,,,,0,0,,,,,,3,202507020405,35.12222203396803,135.439444,,,0,,0,,0,0,0,0,,0
86,,6810343,1,20250702,405,,,,,,,,,,,,,,,3,202507020405,35.18777781405339,135.3219444,,,1,,0,,0,0,0,0,,0
86,,6810344,1,20250702,405,0,0,,,,,,1,0,,,,,,3,202507020405,35.24583336412865,135.2161111,,,0,,0,,0,0,0,0,,0
86,,6810346,1,20250702,405,4,0,,,,,,1,0,,,,,,3,202507020405,35.28305559417674,135.1777778,,,0,,0,,0,0,0,0,,0
86,,6810348,1,20250702,405,1,0,,,,,,0,0,,,,,,3,202507020405,35.3139820342166,135.101491,,,0,,0,,0,0,0,0,,0
86,,6810360,1,20250702,405,0,0,,,,,,0,0,,,,,,3,202507020405,35.333611034241834,134.917222,,,0,,0,,0,0,0,0,,0
86,,6810365,1,20250702,405,0,0,,,,,,0,0,,,,,,3,202507020405,36.25913403538918,136.286774,,,0,,0,,0,0,0,0,,0
86,,6810370,1,20250702,405,0,1,,,,,,0,0,,,,,,3,202507020405,35.38305603430526,134.671667,,,0,,0,,0,0,0,0,,0
86,,6810390,1,20250702,405,0,2,,,,,,0,0,,,,,,3,202507020405,35.48083303443001,134.585278,,,0,,0,,0,0,0,0,,0
86,,6810400,1,20250702,405,0,0,,,,,,0,0,,,,,,3,202507020405,35.50388903445929,134.533889,,,0,,0,,0,0,0,0,,0
86,,6810410,1,20250702,405,1,1,,,,,,1,0,,,,,,3,202507020405,35.5247220344857,134.4275,,,0,,0,,0,0,0,0,,0
86,,6810420,1,20250702,405,0,0,,,,,,0,2,,,,,,3,202507020405,35.33111103423862,136.352222,,,0,,0,,0,0,0,0,,0
86,,6810450,1,20250702,405,1,0,,,,,,0,0,,,,,,3,202507020405,34.229683032767404,135.169164,,,0,,0,,0,0,0,0,,0
86,,6810500,1,20250702,405,0,0,,,,,,3,2,,,,,,3,202507020405,34.58000003324698,135.466581,,,0,,0,,0,0,0,0,,0
86,,6810510,1,20250702,405,1,0,,,,,,0,0,,,,,,3,202507020405,34.5797220332466,135.466581,,,0,,0,,0,0,0,0,,0
86,,6810540,1,20250702,405,,,,,,,,,,,,,,,3,202507020405,34.36000003294702,135.269444,,,1,,0,,0,0,0,0,,0
86,,6810550,1,20250702,405,0,0,,,,,,3,1,,,,,,3,202507020405,34.32270003289575,135.19756,,,0,,0,,0,0,0,0,,0
86,,6810560,1,20250702,405,0,0,,,,,,2,0,,,,,,3,202507020405,34.24805603279281,135.175,,,0,,0,,0,0,0,0,,0
86,,6810580,1,20250702,405,0,0,,,,,,0,0,,,,,,3,202507020405,35.633611034623065,136.021389,,,0,,0,,0,0,0,0,,0
86,,6810590,1,20250702,405,2,0,,,,,,0,1,,,,,,3,202507020405,35.58083303455663,135.910417,,,0,,0,,0,0,0,0,,0
86,,6810610,1,20250702,405,0,0,,,,,,0,0,,,,,,3,202507020405,35.469444034415524,135.825,,,0,,0,,0,0,0,0,,0
86,,6810620,1,20250702,405,0,0,,,,,,1,0,,,,,,3,202507020405,35.483056034432835,135.666111,,,0,,0,,0,0,0,0,,0
86,,6810950,1,20250702,405,,,,,,,,,,,,,,,3,202507020405,34.19539403271991,135.169583,,,1,,0,,0,0,0,0,,0
86,,6810630,1,20250702,405,0,1,,,,,,0,0,,,,,,3,202507020405,35.48805603443919,135.595833,,,0,,0,,0,0,0,0,,0
86,,6810660,1,20250702,405,0,0,,,,,,0,1,,,,,,3,202507020405,35.48083303443001,135.421389,,,0,,0,,0,0,0,0,,0
86,,6810667,1,20250702,405,0,0,,,,,,3,0,,,,,,3,202507020405,35.46027781440387,135.3566667,,,0,,0,,0,0,0,0,,0
86,,6810670,1,20250702,405,0,0,,,,,,1,0,,,,,,3,202507020405,35.414167034345056,135.333056,,,0,,0,,0,0,0,0,,0
86,,6810671,1,20250702,405,2,2,,,,,,3,4,,,,,,3,202507020405,35.37888892429992,135.3169444,,,0,,0,,0,0,0,0,,0
86,,6810700,1,20250702,405,,,,,,,,,,,,,,,3,202507020405,34.47239203310078,134.945572,,,1,,0,,0,0,0,0,,0
86,,6810710,1,20250702,405,0,0,,,,,,1,0,,,,,,3,202507020405,34.40363603300684,134.896767,,,0,,0,,0,0,0,0,,0
86,,6810720,1,20250702,405,0,0,,,,,,0,1,,,,,,3,202507020405,34.26169203281165,134.728943,,,0,,0,,0,0,0,0,,0
86,,6810730,1,20250702,405,0,0,,,,,,0,0,,,,,,3,202507020405,34.85305603361341,134.605278,,,0,,0,,0,0,0,0,,0
86,,6810740,1,20250702,405,0,2,,,,,,2,2,,,,,,3,202507020405,34.87691203364509,134.61312,,,0,,0,,0,0,0,0,,0
86,,6810750,1,20250702,405,0,0,,,,,,0,0,,,,,,3,202507020405,35.07068203390065,134.587422,,,0,,0,,0,0,0,0,,0
86,,6810760,1,20250702,405,0,0,,,,,,0,0,,,,,,3,202507020405,35.145672033998615,134.539014,,,0,,0,,0,0,0,0,,0
86,,6810770,1,20250702,405,,,,,,,,,,,,,,,3,202507020405,33.692375032012194,135.984591,,,1,,0,,0,0,0,0,,0
86,,6810780,1,20250702,405,,,,,,,,,,,,,,,3,202507020405,33.61777803190555,135.927061,,,1,,0,,0,0,0,0,,0
86,,6810790,1,20250702,405,0,0,,,,,,0,0,,,,,,3,202507020405,33.56853903183492,135.910197,,,0,,0,,0,0,0,0,,0
86,,6810800,1,20250702,405,1,0,,,,,,0,0,,,,,,3,202507020405,33.50323103174097,135.806228,,,0,,0,,0,0,0,0,,0
86,,6810810,1,20250702,405,1,0,,,,,,0,0,,,,,,3,202507020405,33.48392803171314,135.760481,,,0,,0,,0,0,0,0,,0
86,,6810820,1,20250702,405,,,,,,,,,,,,,,,3,202507020405,33.509890031750565,135.60639100000003,,,1,,0,,0,0,0,0,,0
86,,6810830,1,20250702,405,,,,,,,,,,,,,,,3,202507020405,33.51850003176297,135.57,,,1,,0,,0,0,0,0,,0
86,,6810840,1,20250702,405,,,,,,,,,,,,,,,3,202507020405,33.554167031814266,135.458889,,,1,,0,,0,0,0,0,,0
86,,6810850,1,20250702,405,,,,,,,,,,,,,,,3,202507020405,33.70273603202697,135.411942,,,1,,0,,0,0,0,0,,0
86,,6810860,1,20250702,405,4,0,,,,,,1,0,,,,,,3,202507020405,33.72250003205514,135.404722,,,0,,0,,0,0,0,0,,0
86,,6810880,1,20250702,405,,,,,,,,,,,,,,,3,202507020405,33.748889032092684,135.3275,,,1,,0,,0,0,0,0,,0
86,,6810890,1,20250702,405,0,0,,,,,,0,0,,,,,,3,202507020405,33.7811110321385,135.3025,,,0,,0,,0,0,0,0,,0
86,,6810900,1,20250702,405,,,,,,,,,,,,,,,3,202507020405,33.91892803233343,135.146508,,,1,,0,,0,0,0,0,,0
86,,6810910,1,20250702,405,0,0,,,,,,0,0,,,,,,3,202507020405,33.94659203237239,135.12965,,,0,,0,,0,0,0,0,,0
86,,6810920,1,20250702,405,3,2,,,,,,2,0,,,,,,3,202507020405,34.04305603250771,135.189722,,,0,,0,,0,0,0,0,,0
86,,6810960,1,20250702,405,0,0,,,,,,0,0,,,,,,3,202507020405,33.74962803209376,135.359472,,,0,,0,,0,0,0,0,,0
86,,6810980,1,20250702,405,8,6,,,,,,18,9,,,,,,3,202507020405,34.652222033344536,135.48972200000003,,,0,,0,,0,0,0,0,,0
86,,6810990,1,20250702,405,,,,,,,,,,,,,,,3,202507020405,35.551944034520155,136.098333,,,1,,0,,0,0,0,0,,0
86,,6811000,1,20250702,405,0,0,,,,,,0,0,,,,,,3,202507020405,35.530000034492396,136.094444,,,0,,0,,0,0,0,0,,0
86,,6811010,1,20250702,405,0,0,,,,,,0,2,,,,,,3,202507020405,35.47888903442754,136.083056,,,0,,0,,0,0,0,0,,0
86,,6811020,1,20250702,405,2,1,,,,,,1,5,,,,,,3,202507020405,35.39750003432375,136.024722,,,0,,0,,0,0,0,0,,0
86,,6811030,1,20250702,405,,,,,,,,,,,,,,,3,202507020405,35.28722203418211,136.018056,,,1,,0,,0,0,0,0,,0
86,,6811040,1,20250702,405,0,0,,,,,,1,0,,,,,,3,202507020405,35.24777803413116,135.960556,,,0,,0,,0,0,0,0,,0
86,,6811050,1,20250702,405,,,,,,,,,,,,,,,3,202507020405,35.237778034118236,135.943333,,,1,,0,,0,1,1,0,,0
86,,6811080,1,20250702,405,6,4,,,,,,9,1,,,,,,3,202507020405,34.71861103343382,135.569444,,,0,,0,,0,0,0,0,,0
86,,6811140,1,20250702,405,0,0,,,,,,0,0,,,,,,3,202507020405,34.81806403356681,135.3196,,,0,,0,,0,1,1,0,,0
86,,6811150,1,20250702,405,0,0,,,,,,0,0,,,,,,3,202507020405,35.16055603401799,135.066111,,,0,,0,,0,0,0,0,,0
86,,6811160,1,20250702,405,0,0,,,,,,0,0,,,,,,3,202507020405,35.23305603411212,135.020833,,,0,,0,,0,0,0,0,,0
86,,6811165,1,20250702,405,0,0,,,,,,3,2,,,,,,3,202507020405,35.28748503418245,134.977245,,,0,,0,,0,0,0,0,,0
86,,6811170,1,20250702,405,0,4,,,,,,0,0,,,,,,3,202507020405,35.29111103418713,134.970556,,,0,,0,,0,0,0,0,,0
86,,6811180,1,20250702,405,0,2,,,,,,26,4,,,,,,3,202507020405,35.30305603420252,134.92,,,0,,0,,0,0,0,0,,0
86,,6811190,1,20250702,405,0,0,,,,,,0,0,,,,,,3,202507020405,35.34500003425647,134.801111,,,0,,0,,0,0,0,0,,0
86,,6811200,1,20250702,405,0,0,,,,,,0,0,,,,,,3,202507020405,35.36333303427999,134.759167,,,0,,0,,0,0,0,0,,0
86,,6811210,1,20250702,405,0,0,,,,,,0,0,,,,,,3,202507020405,35.49942303445363,134.790538,,,0,,0,,0,0,0,0,,0
86,,6811220,1,20250702,405,3,0,,,,,,0,0,,,,,,3,202507020405,35.474942034422526,134.764925,,,0,,0,,0,0,0,0,,0
86,,6811230,1,20250702,405,3,0,,,,,,0,1,,,,,,3,202507020405,35.43722003437449,134.767839,,,0,,0,,0,0,0,0,,0
86,,6811260,1,20250702,405,0,2,,,,,,1,0,,,,,,3,202507020405,35.01754603383091,136.023618,,,0,,0,,0,0,0,0,,0
86,,6811310,1,20250702,405,43,9,,,,,,18,5,,,,,,3,202507020405,34.78856603352747,134.816183,,,0,,0,,0,0,0,0,,0
86,,6811320,1,20250702,405,,,,,,,,,,,,,,,3,202507020405,34.81472203356237,134.673055,,,1,,0,,0,0,0,0,,0
86,,6811340,1,20250702,405,,,,,,,,,,,,,,,3,202507020405,34.83503003358942,134.618945,,,1,,0,,0,0,0,0,,0
86,,6811400,1,20250702,405,1,0,,,,,,0,0,,,,,,3,202507020405,34.54152803319483,135.675417,,,0,,0,,0,0,0,0,,0
87,,7810030,1,20250702,405,0,0,0,,,,,5,7,0,,,,,3,202507020405,34.46130403308565,133.299608,,,0,0,0,0,0,0,0,0,0,0
87,,7810060,1,20250702,405,0,2,0,,,,,0,0,0,,,,,3,202507020405,34.391480032990195,132.905302,,,0,0,0,0,0,0,0,0,0,0
87,,7810080,1,20250702,405,,,,,,,,0,0,0,,,,,3,202507020405,34.40409903300748,132.811446,,,0,0,0,0,0,0,0,0,0,0
87,,7810090,1,20250702,405,1,11,0,,,,,0,1,0,,,,,3,202507020405,34.37165503296302,132.548551,,,0,0,0,0,0,0,0,0,0,0
87,,7810100,1,20250702,405,4,3,0,,,,,4,1,0,,,,,3,202507020405,34.370314032961176,132.43065,,,0,0,0,0,0,0,0,0,0,0
87,,7810120,1,20250702,405,0,2,0,,,,,5,7,0,,,,,3,202507020405,34.40929103301459,133.075998,,,0,0,0,0,0,0,0,0,0,0
87,,7810130,1,20250702,405,0,0,0,,,,,0,0,0,,,,,3,202507020405,34.394348032994124,133.04909,,,0,0,0,0,0,0,0,0,0,0
87,,7810140,1,20250702,405,0,0,0,,,,,0,0,0,,,,,3,202507020405,34.186157032707094,132.173982,,,0,0,0,0,0,0,0,0,0,0
87,,7810150,1,20250702,405,0,0,0,,,,,0,0,0,,,,,3,202507020405,34.069307032544415,131.669576,,,0,0,0,0,0,0,0,0,0,0
87,,7810180,1,20250702,405,0,0,0,,,,,0,4,0,,,,,3,202507020405,34.03918803250232,131.248456,,,0,0,0,0,0,0,0,0,0,0
87,,7810220,1,20250702,405,,,,,,,,,,,,,,,3,202507020405,35.51908503447856,134.20671,,,0,0,0,0,0,1,1,1,1,0
87,,7810230,1,20250702,405,,,,,,,,,,,,,,,3,202507020405,35.523372034484,134.171906,,,1,,,,,,,,,
87,,7810250,1,20250702,405,,,,,,,,,,,,,,,3,202507020405,35.51594103447459,134.071698,,,1,,,,,,,,,
87,,7810280,1,20250702,405,1,1,0,,,,,1,0,0,,,,,3,202507020405,35.50301603445818,133.70857000000004,,,0,0,0,0,0,0,0,0,0,0
87,,7810330,1,20250702,405,0,0,0,,,,,2,0,0,,,,,3,202507020405,35.46553703441056,133.4305,,,0,0,0,0,0,0,0,0,0,0
87,,7810360,1,20250702,405,0,0,0,,,,,0,0,0,,,,,3,202507020405,35.43101403436657,133.331902,,,0,0,0,0,0,0,0,0,0,0
87,,7810380,1,20250702,405,1,3,0,,,,,2,1,0,,,,,3,202507020405,35.48149203443085,133.474531,,,0,0,0,0,0,0,0,0,0,0
87,,7810420,1,20250702,405,0,2,0,,,,,0,0,0,,,,,3,202507020405,35.50747003446383,133.61465,,,0,0,0,0,0,0,0,0,0,0
87,,7810440,1,20250702,405,1,5,0,,,,,3,2,0,,,,,3,202507020405,35.40803703433723,133.302548,,,0,0,0,0,0,0,0,0,0,0
87,,7810500,1,20250702,405,0,0,0,,,,,0,0,0,,,,,3,202507020405,35.198965034067925,132.455335,,,0,0,0,0,0,0,0,0,0,0
87,,7810510,1,20250702,405,0,0,0,,,,,0,0,0,,,,,3,202507020405,35.111949033954616,132.379675,,,0,0,0,0,0,0,0,0,0,0
87,,7810530,1,20250702,405,1,1,0,,,,,0,0,0,,,,,3,202507020405,35.0882140339236,132.347724,,,0,0,0,0,0,0,0,0,0,0
87,,7810570,1,20250702,405,0,0,0,,,,,1,0,0,,,,,3,202507020405,34.92234503370532,132.109083,,,0,0,0,0,0,0,0,0,0,0
87,,7810580,1,20250702,405,,,,,,,,,,,,,,,3,202507020405,34.90375903368071,132.105961,,,1,,,,,,,,,
87,,7810600,1,20250702,405,,,,,,,,,,,,,,,3,202507020405,34.886378033657664,132.069161,,,1,,,,,,,,,
87,,7810610,1,20250702,405,,,,,,,,,,,,,,,3,202507020405,34.8693890336351,132.044972,,,1,,,,,,,,,
87,,7810650,1,20250702,405,0,0,0,,,,,1,1,0,,,,,3,202507020405,34.603665033279,131.799331,,,0,0,0,0,0,0,0,0,0,0
87,,7810660,1,20250702,405,0,0,0,,,,,0,0,0,,,,,3,202507020405,34.56766203323026,131.793408,,,0,0,0,0,0,0,0,0,0,0
87,,7810670,1,20250702,405,1,0,0,,,,,0,0,0,,,,,3,202507020405,34.4411940330582,131.772423,,,0,0,0,0,0,0,0,0,0,0
87,,7810680,1,20250702,405,8,6,0,,,,,9,3,0,,,,,3,202507020405,35.44391203438301,133.070902,,,0,0,0,0,0,0,0,0,0,0
87,,7810690,1,20250702,405,2,4,0,,,,,5,2,0,,,,,3,202507020405,35.435857034372745,133.036623,,,0,0,0,0,0,0,0,0,0,0
87,,7810730,1,20250702,405,,,,,,,,,,,,,,,3,202507020405,35.0087950338194,132.223163,,,1,,,,,,,,,
87,,7810780,1,20250702,405,,,,,,,,,,,,,,,3,202507020405,34.245635032789465,131.522947,,,1,,,,,,,,,
87,,7810790,1,20250702,405,,,,,,,,,,,,,,,3,202507020405,34.190602032713265,131.483723,,,0,0,0,0,0,1,1,0,1,0
87,,7810830,1,20250702,405,,,,,,,,,,,,,,,3,202507020405,35.36752203428536,134.328439,,,1,,,,,,,,,
87,,7810840,1,20250702,405,,,,,,,,,,,,,,,3,202507020405,35.47203803441882,134.240441,,,1,,,,,,,,,
87,,7810850,1,20250702,405,,,,,,,,,,,,,,,3,202507020405,35.49999403445436,134.20171,,,0,0,0,0,0,1,1,0,1,0
87,,7810870,1,20250702,405,,,,,,,,,,,,,,,3,202507020405,34.52362703317051,133.901839,,,0,0,0,0,0,1,1,0,1,0
87,,7810900,1,20250702,405,1,2,0,,,,,1,3,0,,,,,3,202507020405,34.9118280336914,133.946407,,,0,0,0,0,0,0,0,0,0,0
87,,7810940,1,20250702,405,,,,,,,,,,,,,,,3,202507020405,35.342837034253684,134.203706,,,1,,,,,,,,,
87,,7810950,1,20250702,405,,,,,,,,,,,,,,,3,202507020405,35.3698230342883,134.215379,,,0,0,0,0,0,0,0,0,1,0
87,,7810960,1,20250702,405,,,,,,,,,,,,,,,3,202507020405,34.64456803333422,132.667015,,,1,,,,,,,,,
87,,7810970,1,20250702,405,,,,,,,,,,,,,,,3,202507020405,34.68134903338374,132.742245,,,1,,,,,,,,,
87,,7810980,1,20250702,405,,,,,,,,,,,,,,,3,202507020405,34.81798703356671,132.823527,,,1,,,,,,,,,
87,,7810990,1,20250702,405,,,,,,,,,,,,,,,3,202507020405,34.86090703362384,132.793186,,,1,,,,,,,,,
87,,7811020,1,20250702,405,0,1,0,,,,,0,0,0,,,,,3,202507020405,35.33258003424051,132.907662,,,0,0,0,0,0,0,0,0,0,0
87,,7811070,1,20250702,405,3,1,0,,,,,0,0,0,,,,,3,202507020405,34.23547503277542,132.6053,,,0,0,0,0,0,0,0,0,0,0
87,,7811080,1,20250702,405,2,3,0,,,,,3,0,0,,,,,3,202507020405,34.220918032755264,132.662702,,,0,0,0,0,0,0,0,0,0,0
87,,7811090,1,20250702,405,2,0,0,,,,,0,1,0,,,,,3,202507020405,34.27213903282609,132.728126,,,0,0,0,0,0,0,0,0,0,0
87,,7811100,1,20250702,405,1,0,0,,,,,0,1,0,,,,,3,202507020405,34.33997203291951,132.948483,,,0,0,0,0,0,0,0,0,0,0
87,,7811120,1,20250702,405,0,0,0,,,,,0,0,0,,,,,3,202507020405,33.9055670323146,132.028679,,,0,0,0,0,0,0,0,0,0,0
87,,7811130,1,20250702,405,0,0,0,,,,,0,0,0,,,,,3,202507020405,33.93038903234958,131.978502,,,0,0,0,0,0,0,0,0,0,0
87,,7811140,1,20250702,405,0,0,0,,,,,0,0,0,,,,,3,202507020405,33.976741032414765,131.89892000000003,,,0,0,0,0,0,0,0,0,0,0
87,,7811150,1,20250702,405,0,0,0,,,,,0,0,0,,,,,3,202507020405,33.97531203241275,131.223377,,,0,0,0,0,0,0,0,0,0,0
87,,7811160,1,20250702,405,0,0,0,,,,,0,3,0,,,,,3,202507020405,34.0254670324831,131.108286,,,0,0,0,0,0,0,0,0,0,0
87,,7811170,1,20250702,405,0,0,0,,,,,0,0,0,,,,,3,202507020405,34.06179303253392,130.910708,,,0,0,0,0,0,0,0,0,0,0
87,,7811190,1,20250702,405,0,0,0,,,,,0,0,0,,,,,3,202507020405,34.372636032964365,131.13719,,,0,0,0,0,0,0,0,0,0,0
87,,7811200,1,20250702,405,0,0,0,,,,,0,0,0,,,,,3,202507020405,34.36655403295601,131.21721,,,0,0,0,0,0,0,0,0,0,0
87,,7811210,1,20250702,405,0,0,0,,,,,0,0,0,,,,,3,202507020405,34.36556503295465,131.327923,,,0,0,0,0,0,0,0,0,0,0
87,,7811220,1,20250702,405,0,0,0,,,,,0,0,0,,,,,3,202507020405,34.46117103308548,131.429169,,,0,0,0,0,0,0,0,0,0,0
87,,7811230,1,20250702,405,1,0,0,,,,,1,1,0,,,,,3,202507020405,34.53625103318765,131.50609,,,0,0,0,0,0,0,0,0,0,0
87,,7811240,1,20250702,405,0,0,0,,,,,0,0,0,,,,,3,202507020405,33.97863403241742,130.917824,,,0,0,0,0,0,0,0,0,0,0
87,,7811250,1,20250702,405,,,,,,,,,,,,,,,3,202507020405,34.371174032962365,131.269202,,,0,0,0,0,0,1,1,1,1,0
87,,7811260,1,20250702,405,,,,,,,,,,,,,,,3,202507020405,34.386217032983,131.345346,,,1,,,,,,,,,
87,,7811280,1,20250702,405,0,0,0,,,,,1,0,0,,,,,3,202507020405,33.98188003242198,130.919334,,,0,0,0,0,0,0,0,0,0,0
87,,7811310,1,20250702,405,3,1,0,,,,,0,1,0,,,,,3,202507020405,34.274175032828886,132.632159,,,0,0,0,0,0,0,0,0,0,0
88,,8810010,1,20250702,405,1,0,0,,,,,0,1,0,,,,,3,202507020405,34.22576903276199,134.506281,,,0,0,0,0,0,0,0,0,0,0
88,,8810040,1,20250702,405,1,0,0,,,,,1,0,0,,,,,3,202507020405,34.21202803274294,134.426444,,,0,0,0,0,0,0,0,0,0,0
88,,8810050,1,20250702,405,0,2,0,,,,,1,2,0,,,,,3,202507020405,34.2426940327854,134.369389,,,0,0,0,0,0,0,0,0,0,0
88,,8810060,1,20250702,405,0,0,0,,,,,0,0,0,,,,,3,202507020405,34.24194403278437,134.333056,,,0,0,0,0,0,0,0,0,0,0
88,,8810070,1,20250702,405,0,1,0,,,,,2,0,0,,,,,3,202507020405,34.3096610328778,134.235686,,,0,0,0,0,0,0,0,0,0,0
88,,8810080,1,20250702,405,0,0,0,,,,,0,0,0,,,,,3,202507020405,34.323825032897304,134.203003,,,0,0,0,0,0,0,0,0,0,0
88,,8810090,1,20250702,405,,,,,,,,10,2,0,,,,,3,202507020405,34.31055603287904,134.040556,,,0,0,0,0,0,0,0,0,0,0
88,,8810100,1,20250702,405,5,2,0,,,,,,,,,,,,3,202507020405,34.31083303287942,134.040833,,,0,0,0,0,0,0,0,0,0,0
88,,8810110,1,20250702,405,0,0,0,,,,,0,0,0,,,,,3,202507020405,34.296344462859466,133.9267892,,,0,0,0,0,0,0,0,0,0,0
88,,8810120,1,20250702,405,0,0,0,,,,,0,0,0,,,,,3,202507020405,34.30830303287593,133.886,,,0,0,0,0,0,0,0,0,0,0
88,,8810130,1,20250702,405,4,0,0,,,,,1,4,0,,,,,3,202507020405,34.28116903283854,133.818719,,,0,0,0,0,0,0,0,0,0,0
88,,8810150,1,20250702,405,,,,,,,,,,,,,,,3,202507020405,33.79388903215663,132.931944,,,1,0,0,0,0,0,0,0,0,0
88,,8810160,1,20250702,405,,,,,,,,,,,,,,,3,202507020405,34.251008032796896,133.916925,,,1,0,0,0,0,0,0,0,0,0
88,,8810170,1,20250702,405,1,1,0,,,,,1,1,0,,,,,3,202507020405,34.183472032703364,133.834944,,,0,0,0,0,0,0,0,0,0,0
88,,8810180,1,20250702,405,1,0,0,,,,,0,0,0,,,,,3,202507020405,34.15741703266719,133.82277800000003,,,0,0,0,0,0,0,0,0,0,0
88,,8810210,1,20250702,405,1,1,0,,,,,0,1,0,,,,,3,202507020405,34.02985603248925,133.814811,,,0,0,0,0,0,0,0,0,0,0
88,,8810220,1,20250702,405,1,0,0,,,,,0,1,0,,,,,3,202507020405,33.99827503244498,133.788456,,,0,0,0,0,0,0,0,0,0,0
88,,8810270,1,20250702,405,,,,,,,,,,,,,,,3,202507020405,33.699149792021856,133.6898053,,,1,0,0,0,0,0,0,0,0,0
88,,8810310,1,20250702,405,,,,,,,,,,,,,,,3,202507020405,33.65416703195762,133.66,,,1,0,0,0,0,0,0,0,0,0
88,,8810340,1,20250702,405,,,,,,,,,,,,,,,3,202507020405,33.55527803181588,133.460556,,,1,0,0,0,0,0,0,0,0,0
88,,8810350,1,20250702,405,0,0,0,,,,,0,0,0,,,,,3,202507020405,33.54658334180337,133.423537,,,0,0,0,0,0,0,0,0,0,0
88,,8810380,1,20250702,405,0,0,0,,,,,0,0,0,,,,,3,202507020405,33.555000031815474,133.139444,,,0,0,0,0,0,0,0,0,0,0
88,,8810400,1,20250702,405,,,,,,,,,,,,,,,3,202507020405,33.58111103185298,132.9925,,,1,0,0,0,0,0,0,0,0,0
88,,8810410,1,20250702,405,0,0,0,,,,,0,0,0,,,,,3,202507020405,33.61805603190595,132.933333,,,0,0,0,0,0,0,0,0,0,0
88,,8810420,1,20250702,405,0,0,0,,,,,0,0,0,,,,,3,202507020405,33.62777803191986,132.916389,,,0,0,0,0,0,0,0,0,0,0
88,,8810430,1,20250702,405,1,0,0,,,,,0,0,0,,,,,3,202507020405,33.646667031946905,132.905833,,,0,0,0,0,0,0,0,0,0,0
88,,8810450,1,20250702,405,0,0,0,,,,,3,0,0,,,,,3,202507020405,33.68178252199708,132.8835762,,,0,0,0,0,0,0,0,0,0,0
88,,8810510,1,20250702,405,,,,,,,,,,,,,,,3,202507020405,33.73555603207373,132.811667,,,1,0,0,0,0,0,0,0,0,0
88,,8810520,1,20250702,405,,,,,,,,,,,,,,,6,202507020405,33.80277803216924,132.7775,,,1,0,0,0,0,0,0,0,0,0
88,,8810530,1,20250702,405,1,0,0,,,,,3,3,0,,,,,3,202507020405,33.80679213217494,132.7455604,,,0,0,0,0,0,0,0,0,0,0
88,,8810560,1,20250702,405,0,0,0,,,,,0,0,0,,,,,3,202507020405,33.883114032282926,134.645522,,,0,0,0,0,0,0,0,0,0,0
88,,8810570,1,20250702,405,,,,,,,,,,,,,,,3,202507020405,33.87310303226879,134.637228,,,1,0,0,0,0,0,0,0,0,0
88,,8810580,1,20250702,405,1,0,0,,,,,5,0,0,,,,,3,202507020405,33.8064830321745,134.590708,,,0,0,0,0,0,0,0,0,0,0
88,,8810640,1,20250702,405,0,0,0,,,,,0,0,0,,,,,3,202507020405,33.72289703205572,134.519397,,,0,0,0,0,0,0,0,0,0,0
88,,8810660,1,20250702,405,0,0,0,,,,,3,0,0,,,,,3,202507020405,33.66041903196656,134.406369,,,0,0,0,0,0,0,0,0,0,0
88,,8810670,1,20250702,405,1,0,0,,,,,0,0,0,,,,,3,202507020405,33.58200303185425,134.323467,,,0,0,0,0,0,0,0,0,0,0
88,,8810690,1,20250702,405,0,0,0,,,,,0,0,0,,,,,3,202507020405,33.49111103172349,134.261667,,,0,0,0,0,0,0,0,0,0,0
88,,8810720,1,20250702,405,,,,,,,,,,,,,,,3,202507020405,33.33499901149748,134.1973409,,,1,0,0,0,0,0,0,0,0,0
88,,8810730,1,20250702,405,0,0,0,,,,,0,0,0,,,,,3,202507020405,33.2510477313752,134.1807112,,,0,0,0,0,0,0,0,0,0,0
89,,9810910,1,20250702,405,,,,,,,,,,,,,,,3,202507020405,33.19594003129466,129.977938,,,1,0,0,0,0,0,0,0,0,0
88,,8810740,1,20250702,405,0,0,0,,,,,0,0,0,,,,,3,202507020405,33.29972203144615,134.123333,,,0,0,0,0,0,0,0,0,0,0
88,,8810750,1,20250702,405,0,0,0,,,,,0,0,0,,,,,3,202507020405,33.371439791550394,134.039855,,,0,0,0,0,0,0,0,0,0,0
88,,8810760,1,20250702,405,0,0,0,,,,,0,0,0,,,,,3,202507020405,33.42416703162678,134.023333,,,0,0,0,0,0,0,0,0,0,0
88,,8810780,1,20250702,405,0,0,0,,,,,0,0,0,,,,,3,202507020405,33.441944031652504,133.966111,,,0,0,0,0,0,0,0,0,0,0
88,,8810820,1,20250702,405,,,,,,,,,,,,,,,3,202507020405,33.5033880317412,133.878652,,,1,0,0,0,0,0,0,0,0,0
88,,8810840,1,20250702,405,,,,,,,,,,,,,,,3,202507020405,33.525000031772315,133.760278,,,1,0,0,0,0,0,0,0,0,0
88,,8810850,1,20250702,405,0,0,0,,,,,0,0,0,,,,,3,202507020405,33.42055603162157,133.301944,,,0,0,0,0,0,0,0,0,0,0
88,,8810880,1,20250702,405,,,,,,,,,,,,,,,3,202507020405,33.3074340314574,133.179556,,,1,0,0,0,0,0,0,0,0,0
88,,8810890,1,20250702,405,0,0,0,,,,,0,0,0,,,,,3,202507020405,33.28855103142989,133.172023,,,0,0,0,0,0,0,0,0,0,0
88,,8810910,1,20250702,405,0,0,0,,,,,1,0,0,,,,,3,202507020405,33.266597031397886,133.171467,,,0,0,0,0,0,0,0,0,0,0
88,,8810920,1,20250702,405,0,0,0,,,,,0,0,0,,,,,3,202507020405,33.21880803132811,133.140708,,,0,0,0,0,0,0,0,0,0,0
88,,8810940,1,20250702,405,0,0,0,,,,,0,0,0,,,,,3,202507020405,33.0089042010197,132.9856986,,,0,0,0,0,0,0,0,0,0,0
88,,8810960,1,20250702,405,1,0,0,,,,,0,0,0,,,,,3,202507020405,32.97816103097427,132.889125,,,0,0,0,0,0,0,0,0,0,0
88,,8810970,1,20250702,405,0,0,0,,,,,0,0,0,,,,,3,202507020405,32.977644030973515,132.885636,,,0,0,0,0,0,0,0,0,0,0
88,,8811000,1,20250702,405,0,0,0,,,,,2,0,0,,,,,3,202507020405,32.96687203095758,132.865489,,,0,0,0,0,0,0,0,0,0,0
88,,8811020,1,20250702,405,0,0,0,,,,,0,0,0,,,,,3,202507020405,32.96457803095418,132.816661,,,0,0,0,0,0,0,0,0,0,0
88,,8811040,1,20250702,405,2,0,0,,,,,3,0,0,,,,,3,202507020405,32.95833303094494,132.796389,,,0,0,0,0,0,0,0,0,0,0
88,,8811050,1,20250702,405,0,0,0,,,,,0,0,0,,,,,3,202507020405,32.93641403091248,132.736475,,,0,0,0,0,0,0,0,0,0,0
88,,8811070,1,20250702,405,1,0,0,,,,,0,0,0,,,,,3,202507020405,32.970303030962654,132.665209,,,0,0,0,0,0,0,0,0,0,0
88,,8811080,1,20250702,405,0,0,0,,,,,1,0,0,,,,,3,202507020405,32.95232903093605,132.60067,,,0,0,0,0,0,0,0,0,0,0
88,,8811090,1,20250702,405,0,1,0,,,,,0,0,0,,,,,3,202507020405,32.9541190309387,132.584276,,,0,0,0,0,0,0,0,0,0,0
88,,8811110,1,20250702,405,0,0,0,,,,,0,1,0,,,,,3,202507020405,33.04654603107523,132.48536,,,0,0,0,0,0,0,0,0,0,0
88,,8811130,1,20250702,405,0,0,0,,,,,0,0,0,,,,,3,202507020405,33.0789110311229,132.49507,,,0,0,0,0,0,0,0,0,0,0
88,,8811140,1,20250702,405,0,0,0,,,,,0,0,0,,,,,3,202507020405,33.11350003117377,132.518333,,,0,0,0,0,0,0,0,0,0,0
88,,8811150,1,20250702,405,2,4,0,,,,,2,0,0,,,,,3,202507020405,33.12469803119022,132.521282,,,0,0,0,0,0,0,0,0,0,0
88,,8811170,1,20250702,405,0,0,0,,,,,0,0,0,,,,,3,202507020405,33.49517003172935,132.54537,,,0,0,0,0,0,0,0,0,0,0
88,,8811180,1,20250702,405,3,4,0,,,,,2,1,0,,,,,3,202507020405,33.15677703123728,132.5469,,,0,0,0,0,0,0,0,0,0,0
88,,8811190,1,20250702,405,0,0,0,,,,,3,0,0,,,,,3,202507020405,33.264024031394136,132.552651,,,0,0,0,0,0,0,0,0,0,0
88,,8811210,1,20250702,405,0,1,0,,,,,2,1,0,,,,,3,202507020405,33.23340003134943,132.559577,,,0,0,0,0,0,0,0,0,0,0
88,,8811220,1,20250702,405,0,0,0,,,,,0,0,0,,,,,3,202507020405,33.21975503132949,132.55883,,,0,0,0,0,0,0,0,0,0,0
88,,8811230,1,20250702,405,0,0,0,,,,,0,0,0,,,,,3,202507020405,33.21400003132108,132.545961,,,0,0,0,0,0,0,0,0,0,0
88,,8811240,1,20250702,405,0,0,0,,,,,0,0,0,,,,,3,202507020405,33.187563031282394,132.543219,,,0,0,0,0,0,0,0,0,0,0
88,,8811250,1,20250702,405,,,,,,,,,,,,,,,3,202507020405,33.623917031914345,132.69675,,,1,0,0,0,0,0,0,0,0,0
88,,8811270,1,20250702,405,2,5,0,,,,,3,3,0,,,,,3,202507020405,33.65575003195989,132.708361,,,0,0,0,0,0,0,0,0,0,0
88,,8811300,1,20250702,405,1,3,0,,,,,1,1,0,,,,,3,202507020405,33.701111032024656,132.7075,,,0,0,0,0,0,0,0,0,0,0
88,,8811320,1,20250702,405,0,1,0,,,,,1,0,0,,,,,3,202507020405,33.99242782243679,133.6034113,,,0,0,0,0,0,0,0,0,0,0
88,,8811360,1,20250702,405,0,0,0,,,,,0,0,0,,,,,3,202507020405,34.015556032469206,133.77361100000002,,,0,0,0,0,0,0,0,0,0,0
88,,8811430,1,20250702,405,,,,,,,,,,,,,,,3,202507020405,33.981944032422064,132.778333,,,1,0,0,0,0,0,0,0,0,0
88,,8811450,1,20250702,405,0,0,0,,,,,0,0,0,,,,,3,202507020405,33.98044403241997,133.057088,,,0,0,0,0,0,0,0,0,0,0
89,,9810010,1,20250702,405,6,0,0,,,,,2,0,0,,,,,3,202507020405,33.86852803226232,130.79675,,,0,0,0,0,0,0,0,0,0,0
89,,9810020,1,20250702,405,,,,,,,,,,,,,,,3,202507020405,33.835259032215276,130.608521,,,1,0,0,0,0,0,0,0,0,0
89,,9810030,1,20250702,405,,,,,,,,,,,,,,,3,202507020405,33.78978203215081,130.567337,,,1,0,0,0,0,0,0,0,0,0
89,,9810040,1,20250702,405,10,5,0,,,,,18,3,0,,,,,3,202507020405,33.744955032087105,130.488242,,,0,0,0,0,0,0,0,0,0,0
89,,9810050,1,20250702,405,11,3,0,,,,,16,3,0,,,,,3,202507020405,33.73691203207566,130.478193,,,0,0,0,0,0,0,0,0,0,0
89,,9810070,1,20250702,405,1,4,0,,,,,9,7,0,,,,,3,202507020405,33.52600403177376,130.49557,,,0,0,0,0,0,0,0,0,0,0
89,,9810080,1,20250702,405,10,4,0,,,,,14,6,0,,,,,3,202507020405,33.51100303175216,130.511069,,,0,0,0,0,0,0,0,0,0,0
89,,9810090,1,20250702,405,6,7,0,,,,,9,6,0,,,,,3,202507020405,33.510200031751005,130.520977,,,0,0,0,0,0,0,0,0,0,0
89,,9810100,1,20250702,405,7,8,0,,,,,12,11,0,,,,,3,202507020405,33.477797031704284,130.53932,,,0,0,0,0,0,0,0,0,0,0
89,,9810110,1,20250702,405,3,3,0,,,,,4,22,0,,,,,3,202507020405,33.44687903165964,130.541025,,,0,0,0,0,0,0,0,0,0,0
89,,9810120,1,20250702,405,0,3,0,,,,,6,2,0,,,,,3,202507020405,33.33966203150427,130.525942,,,0,0,0,0,0,0,0,0,0,0
89,,9810130,1,20250702,405,0,4,0,,,,,1,8,0,,,,,3,202507020405,33.19870703129871,130.60119,,,0,0,0,0,0,0,0,0,0,0
89,,9810140,1,20250702,405,0,0,0,,,,,0,0,0,,,,,3,202507020405,33.170447031257325,130.617432,,,0,0,0,0,0,0,0,0,0,0
89,,9810150,1,20250702,405,10,4,0,,,,,5,3,0,,,,,3,202507020405,33.86806903226167,130.775199,,,0,0,0,0,0,0,0,0,0,0
89,,9810160,1,20250702,405,7,3,0,,,,,,,,,,,,3,202507020405,33.86432503225638,130.74688,,,0,0,0,0,0,0,0,0,0,0
89,,9810170,1,20250702,405,0,0,0,,,,,6,3,0,,,,,3,202507020405,33.648732031949855,130.441499,,,0,0,0,0,0,0,0,0,0,0
89,,9810180,1,20250702,405,15,2,0,,,,,8,3,0,,,,,3,202507020405,33.61500003190157,130.438611,,,0,0,0,0,0,0,0,0,0,0
89,,9810190,1,20250702,405,,,,,,,,,,,,,,,3,202507020405,33.4496850316637,130.546326,,,1,0,0,0,0,0,0,0,0,0
89,,9810200,1,20250702,405,5,7,0,,,,,1,11,0,,,,,3,202507020405,33.41916903161956,130.532642,,,0,0,0,0,0,0,0,0,0,0
89,,9810210,1,20250702,405,,,,,,,,,,,,,,,3,202507020405,32.92737203089908,130.698429,,,1,0,0,0,0,0,0,0,0,0
89,,9810230,1,20250702,405,0,1,0,,,,,1,0,0,,,,,3,202507020405,32.33541003001024,130.485852,,,0,0,0,0,0,0,0,0,0,0
89,,9810250,1,20250702,405,,,,,,,,,,,,,,,3,202507020405,32.10065202965169,130.308808,,,1,0,0,0,0,0,0,0,0,0
89,,9810260,1,20250702,405,,,,,,,,,,,,,,,3,202507020405,32.06933302960361,130.240833,,,1,0,0,0,0,0,0,0,0,0
89,,9810270,1,20250702,405,,,,,,,,,,,,,,,3,202507020405,32.05996802958923,130.223169,,,1,0,0,0,0,0,0,0,0,0
89,,9810280,1,20250702,405,,,,,,,,,,,,,,,3,202507020405,32.00103302949858,130.195866,,,1,0,0,0,0,0,0,0,0,0
89,,9810290,1,20250702,405,,,,,,,,,,,,,,,3,202507020405,31.77354502914685,130.301221,,,1,0,0,0,0,0,0,0,0,0
89,,9810300,1,20250702,405,,,,,,,,,,,,,,,3,202507020405,31.752394029113987,130.297198,,,1,0,0,0,0,0,0,0,0,0
89,,9810310,1,20250702,405,,,,,,,,,,,,,,,3,202507020405,31.671780028988586,130.334671,,,1,0,0,0,0,0,0,0,0,0
89,,9810320,1,20250702,405,1,1,0,,,,,3,0,0,,,,,3,202507020405,31.644384028945897,130.514685,,,0,0,0,0,0,0,0,0,0,0
89,,9810330,1,20250702,405,3,1,0,,,,,2,2,0,,,,,3,202507020405,31.593127028865894,130.55217,,,0,0,0,0,0,0,0,0,0,0
89,,9810340,1,20250702,405,,,,,,,,,,,,,,,3,202507020405,31.774587029148464,130.294585,,,1,0,0,0,0,0,0,0,0,0
89,,9810350,1,20250702,405,,,,,,,,2,0,0,,,,,3,202507020405,31.586173028855043,130.521497,,,0,0,0,0,0,0,0,0,0,0
89,,9810360,1,20250702,405,5,10,0,,,,,4,8,0,,,,,3,202507020405,33.6356250319311,131.074923,,,0,0,0,0,0,0,0,0,0,0
89,,9810370,1,20250702,405,,,,,,,,,,,,,,,3,202507020405,33.60811903189171,131.1134,,,1,0,0,0,0,0,0,0,0,0
89,,9810380,1,20250702,405,2,6,0,,,,,1,7,0,,,,,3,202507020405,33.55407703181414,131.25154,,,0,0,0,0,0,0,0,0,0,0
89,,9810390,1,20250702,405,0,6,0,,,,,2,2,0,,,,,3,202507020405,33.47356403169818,131.495973,,,0,0,0,0,0,0,0,0,0,0
89,,9810400,1,20250702,405,0,1,0,,,,,1,0,0,,,,,3,202507020405,33.4199570316207,131.549075,,,0,0,0,0,0,0,0,0,0,0
89,,9810410,1,20250702,405,,,,,,,,,,,,,,,3,202507020405,33.35718603152971,131.497308,,,1,0,0,0,0,0,0,0,0,0
89,,9810420,1,20250702,405,0,0,0,,,,,1,2,0,,,,,3,202507020405,33.28844603142974,131.50415600000002,,,0,0,0,0,0,0,0,0,0,0
89,,9810430,1,20250702,405,4,2,0,,,,,1,0,0,,,,,3,202507020405,33.1773230312674,131.619615,,,0,0,0,0,0,0,0,0,0,0
89,,9810440,1,20250702,405,,,,,,,,4,3,0,,,,,3,202507020405,33.091164031140934,131.647172,,,0,0,0,0,0,0,0,0,0,0
89,,9810450,1,20250702,405,0,0,0,,,,,0,0,0,,,,,3,202507020405,33.07813503112177,131.638559,,,0,0,0,0,0,0,0,0,0,0
89,,9810460,1,20250702,405,1,1,0,,,,,2,0,0,,,,,3,202507020405,33.03375103105637,131.689156,,,0,0,0,0,0,0,0,0,0,0
89,,9810470,1,20250702,405,1,0,0,,,,,0,1,0,,,,,3,202507020405,33.001599031008915,131.788698,,,0,0,0,0,0,0,0,0,0,0
89,,9810480,1,20250702,405,1,1,0,,,,,2,0,0,,,,,3,202507020405,32.95275303093668,131.841525,,,0,0,0,0,0,0,0,0,0,0
89,,9810490,1,20250702,405,0,0,0,,,,,0,0,0,,,,,3,202507020405,32.92192503089102,131.801353,,,0,0,0,0,0,0,0,0,0,0
89,,9810500,1,20250702,405,0,0,0,,,,,0,1,0,,,,,3,202507020405,32.84521503077709,131.718143,,,0,0,0,0,0,0,0,0,0,0
89,,9810510,1,20250702,405,,,,,,,,,,,,,,,3,202507020405,33.53550003178742,131.301439,,,1,0,0,0,0,0,0,0,0,0
89,,9810520,1,20250702,405,,,,,,,,0,0,0,,,,,3,202507020405,33.17727003126732,131.636491,,,0,0,0,0,0,0,0,0,0,0
89,,9810530,1,20250702,405,0,0,0,,,,,0,0,0,,,,,3,202507020405,32.76588703065887,131.69922,,,0,0,0,0,0,0,0,0,0,0
89,,9810540,1,20250702,405,0,0,0,,,,,0,0,0,,,,,3,202507020405,32.73308003060985,131.712307,,,0,0,0,0,0,0,0,0,0,0
89,,9810550,1,20250702,405,2,0,0,,,,,0,0,0,,,,,3,202507020405,32.680641030531355,131.69547,,,0,0,0,0,0,0,0,0,0,0
89,,9810560,1,20250702,405,0,4,0,,,,,1,0,0,,,,,3,202507020405,32.6162990304348,131.682165,,,0,0,0,0,0,0,0,0,0,0
89,,9810570,1,20250702,405,0,3,0,,,,,4,2,0,,,,,3,202507020405,32.58759103039164,131.676921,,,0,0,0,0,0,0,0,0,0,0
89,,9810580,1,20250702,405,0,2,0,,,,,1,2,0,,,,,3,202507020405,32.56240603035372,131.681538,,,0,0,0,0,0,0,0,0,0,0
89,,9810590,1,20250702,405,3,1,0,,,,,0,0,0,,,,,3,202507020405,32.512945030279155,131.682071,,,0,0,0,0,0,0,0,0,0,0
89,,9810600,1,20250702,405,1,0,0,,,,,0,0,0,,,,,3,202507020405,32.505475030267874,131.671612,,,0,0,0,0,0,0,0,0,0,0
89,,9810610,1,20250702,405,2,3,0,,,,,0,0,0,,,,,3,202507020405,32.48380003023514,131.65983,,,0,0,0,0,0,0,0,0,0,0
89,,9810620,1,20250702,405,0,0,0,,,,,0,0,0,,,,,3,202507020405,32.44750003018023,131.634167,,,0,0,0,0,0,0,0,0,0,0
89,,9810630,1,20250702,405,3,1,0,,,,,1,1,0,,,,,3,202507020405,32.34169203001978,131.615818,,,0,0,0,0,0,0,0,0,0,0
89,,9810640,1,20250702,405,,,,,,,,,,,,,,,3,202507020405,32.118920029679714,131.525151,,,1,0,0,0,0,0,0,0,0,0
89,,9810650,1,20250702,405,,,,,,,,,,,,,,,3,202507020405,32.04093702955998,131.469141,,,1,0,0,0,0,0,0,0,0,0
89,,9810660,1,20250702,405,,,,,,,,,,,,,,,3,202507020405,31.943136029409334,131.344339,,,1,0,0,0,0,0,0,0,0,0
89,,9810680,1,20250702,405,,,,,,,,,,,,,,,3,202507020405,31.916759029368613,131.228421,,,1,0,0,0,0,0,0,0,0,0
89,,9810690,1,20250702,405,,,,,,,,,,,,,,,3,202507020405,31.831007029235955,131.126939,,,1,0,0,0,0,0,0,0,0,0
89,,9810700,1,20250702,405,,,,,,,,,,,,,,,3,202507020405,31.70972202904765,131.054167,,,1,0,0,0,0,0,0,0,0,0
89,,9810720,1,20250702,405,1,0,0,,,,,0,1,0,,,,,3,202507020405,31.661481028972545,130.889721,,,0,0,0,0,0,0,0,0,0,0
89,,9810730,1,20250702,405,3,0,0,,,,,1,3,0,,,,,3,202507020405,31.723242029068686,130.809578,,,0,0,0,0,0,0,0,0,0,0
89,,9810740,1,20250702,405,4,1,0,,,,,2,7,0,,,,,3,202507020405,33.30389903145224,130.368554,,,0,0,0,0,0,0,0,0,0,0
89,,9810750,1,20250702,405,3,6,0,,,,,3,3,0,,,,,3,202507020405,33.27419603140898,130.293549,,,0,0,0,0,0,0,0,0,0,0
89,,9810760,1,20250702,405,,,,,,,,,,,,,,,3,202507020405,33.26474303139519,130.245086,,,1,0,0,0,0,0,0,0,0,0
89,,9810770,1,20250702,405,,,,,,,,,,,,,,,3,202507020405,33.26041603138888,130.218458,,,1,0,0,0,0,0,0,0,0,0
89,,9810780,1,20250702,405,0,4,0,,,,,2,5,0,,,,,3,202507020405,33.23447503135101,130.18203100000002,,,0,0,0,0,0,0,0,0,0,0
89,,9810790,1,20250702,405,,,,,,,,,,,,,,,3,202507020405,33.22225103133315,130.172161,,,1,0,0,0,0,0,0,0,0,0
89,,9810800,1,20250702,405,,,,,,,,,,,,,,,3,202507020405,33.219025031328435,130.143217,,,1,0,0,0,0,0,0,0,0,0
89,,9810810,1,20250702,405,2,0,0,,,,,1,1,0,,,,,3,202507020405,33.21595003132393,130.087452,,,0,0,0,0,0,0,0,0,0,0
89,,9810820,1,20250702,405,5,0,0,,,,,0,1,0,,,,,3,202507020405,33.21877403132806,130.052459,,,0,0,0,0,0,0,0,0,0,0
89,,9810830,1,20250702,405,0,3,0,,,,,0,1,0,,,,,3,202507020405,33.207839031312076,130.047967,,,0,0,0,0,0,0,0,0,0,0
89,,9810840,1,20250702,405,0,0,0,,,,,1,0,0,,,,,3,202507020405,33.07291503111407,129.960829,,,0,0,0,0,0,0,0,0,0,0
89,,9810850,1,20250702,405,2,1,0,,,,,4,2,0,,,,,3,202507020405,32.995999031000636,129.948701,,,0,0,0,0,0,0,0,0,0,0
89,,9810860,1,20250702,405,,,,,,,,,,,,,,,3,202507020405,32.9044610308651,129.957531,,,1,0,0,0,0,0,0,0,0,0
89,,9810870,1,20250702,405,0,0,0,,,,,0,0,0,,,,,3,202507020405,32.8905010308444,129.971348,,,0,0,0,0,0,0,0,0,0,0
89,,9810880,1,20250702,405,0,0,0,,,,,1,1,0,,,,,3,202507020405,32.88569203083725,130.005514,,,0,0,0,0,0,0,0,0,0,0
89,,9810890,1,20250702,405,,,,,,,,,,,,,,,3,202507020405,32.87494503082128,130.02412,,,1,0,0,0,0,0,0,0,0,0
89,,9810900,1,20250702,405,1,1,0,,,,,1,0,0,,,,,3,202507020405,32.83967403076884,130.024592,,,0,0,0,0,0,0,0,0,0,0
89,,9810920,1,20250702,405,,,,,,,,,,,,,,,3,202507020405,33.191150031287656,129.943948,,,1,0,0,0,0,0,0,0,0,0
89,,9810930,1,20250702,405,,,,,,,,,,,,,,,3,202507020405,33.18881403128423,129.9054,,,1,0,0,0,0,0,0,0,0,0
89,,9810940,1,20250702,405,0,0,0,,,,,0,0,0,,,,,3,202507020405,32.97184603096493,131.383534,,,0,0,0,0,0,0,0,0,0,0
89,,9810950,1,20250702,405,1,2,0,,,,,0,0,0,,,,,3,202507020405,32.96828103095967,131.382552,,,0,0,0,0,0,0,0,0,0,0
89,,9810960,1,20250702,405,0,0,0,,,,,0,0,0,,,,,3,202507020405,32.96091703094877,131.248695,,,0,0,0,0,0,0,0,0,0,0
89,,9810970,1,20250702,405,0,0,0,,,,,0,0,0,,,,,3,202507020405,33.03288603105509,131.537821,,,0,0,0,0,0,0,0,0,0,0
89,,9810980,1,20250702,405,,,,,,,,,,,,,,,3,202507020405,33.00262303101042,131.45315500000004,,,1,0,0,0,0,0,0,0,0,0
89,,9810990,1,20250702,405,0,0,0,,,,,0,0,0,,,,,3,202507020405,32.96097103094884,131.244117,,,0,0,0,0,0,0,0,0,0,0
89,,9811000,1,20250702,405,1,3,0,,,,,2,1,0,,,,,3,202507020405,32.93530403091085,131.035064,,,0,0,0,0,0,0,0,0,0,0
89,,9811010,1,20250702,405,,,,,,,,,,,,,,,3,202507020405,32.87672503082393,130.954853,,,1,0,0,0,0,0,0,0,0,0
89,,9811020,1,20250702,405,,,,,,,,,,,,,,,3,202507020405,32.614306030431806,130.462111,,,1,0,0,0,0,0,0,0,0,0
89,,9811030,1,20250702,405,,,,,,,,,,,,,,,3,202507020405,32.72539603059835,130.251342,,,1,0,0,0,0,0,0,0,0,0
89,,9811040,1,20250702,405,0,0,0,,,,,0,0,0,,,,,3,202507020405,32.72077403059144,130.234748,,,0,0,0,0,0,0,0,0,0,0
89,,9811050,1,20250702,405,1,0,0,,,,,0,0,0,,,,,3,202507020405,32.73587103061402,130.209003,,,0,0,0,0,0,0,0,0,0,0
89,,9811060,1,20250702,405,,,,,,,,,,,,,,,3,202507020405,32.808908030723025,130.149506,,,1,0,0,0,0,0,0,0,0,0
89,,9811070,1,20250702,405,,,,,,,,,,,,,,,3,202507020405,32.836521030764146,130.094768,,,1,0,0,0,0,0,0,0,0,0
89,,9811080,1,20250702,405,0,1,0,,,,,4,1,0,,,,,3,202507020405,32.83196203075736,130.053336,,,0,0,0,0,0,0,0,0,0,0
89,,9811090,1,20250702,405,1,1,0,,,,,0,0,0,,,,,3,202507020405,33.61888103190713,130.568781,,,0,0,0,0,0,0,0,0,0,0
89,,9811100,1,20250702,405,1,1,0,,,,,1,0,0,,,,,3,202507020405,33.61860003190672,130.579442,,,0,0,0,0,0,0,0,0,0,0
89,,9811110,1,20250702,405,2,3,0,,,,,0,1,0,,,,,3,202507020405,33.62194303191151,130.588462,,,0,0,0,0,0,0,0,0,0,0
89,,9811120,1,20250702,405,,,,,,,,,,,,,,,3,202507020405,33.65684603196145,130.750269,,,1,0,0,0,0,0,0,0,0,0
89,,9811130,1,20250702,405,3,0,0,,,,,2,0,0,,,,,3,202507020405,33.6514250319537,130.761828,,,0,0,0,0,0,0,0,0,0,0
89,,9811140,1,20250702,405,,,,,,,,,,,,,,,3,202507020405,33.64137503193933,130.764099,,,1,0,0,0,0,0,0,0,0,0
89,,9811150,1,20250702,405,,,,,,,,,,,,,,,3,202507020405,33.65331703195642,130.807798,,,1,0,0,0,0,0,0,0,0,0
89,,9811160,1,20250702,405,,,,,,,,,,,,,,,3,202507020405,33.67846703199234,130.866756,,,1,,,,,,,,,
89,,9811180,1,20250702,405,0,0,0,,,,,0,0,0,,,,,3,202507020405,33.6231190319132,130.671342,,,0,0,0,0,0,0,0,0,0,0
89,,9811190,1,20250702,405,0,0,0,,,,,1,0,0,,,,,3,202507020405,33.74379703208545,130.970335,,,0,0,0,0,0,0,0,0,0,0
89,,9811200,1,20250702,405,1,1,0,,,,,1,0,0,,,,,3,202507020405,33.54615303180275,130.159402,,,0,0,0,0,0,0,0,0,0,0
89,,9811210,1,20250702,405,0,0,0,,,,,0,1,0,,,,,3,202507020405,33.50948303174998,130.110769,,,0,0,0,0,0,0,0,0,0,0
89,,9811220,1,20250702,405,1,0,0,,,,,0,0,0,,,,,3,202507020405,33.501667031738705,130.069167,,,0,0,0,0,0,0,0,0,0,0
89,,9811230,1,20250702,405,12,1,0,,,,,6,1,0,,,,,3,202507020405,33.55094403180965,130.448556,,,0,0,0,0,0,0,0,0,0,0
89,,9811240,1,20250702,405,0,0,0,,,,,0,0,0,,,,,3,202507020405,33.522842031769216,130.168427,,,0,0,0,0,0,0,0,0,0,0
89,,9811250,1,20250702,405,0,0,0,,,,,0,0,0,,,,,3,202507020405,33.51344603175569,130.14563,,,0,0,0,0,0,0,0,0,0,0
89,,9811260,1,20250702,405,0,0,0,,,,,1,0,0,,,,,3,202507020405,33.45431303167039,130.042275,,,0,0,0,0,0,0,0,0,0,0
89,,9811270,1,20250702,405,1,0,0,,,,,1,0,0,,,,,3,202507020405,33.431110031636834,129.991737,,,0,0,0,0,0,0,0,0,0,0
89,,9811280,1,20250702,405,0,0,0,,,,,1,0,0,,,,,3,202507020405,33.348904031517684,129.933234,,,0,0,0,0,0,0,0,0,0,0
89,,9811290,1,20250702,405,,,,,,,,,,,,,,,3,202507020405,33.331844031492885,129.928169,,,1,0,0,0,0,0,0,0,0,0
89,,9811300,1,20250702,405,,,,,,,,,,,,,,,3,202507020405,33.268208031400235,129.88248900000002,,,1,0,0,0,0,0,0,0,0,0
89,,9811310,1,20250702,405,,,,,,,,,,,,,,,3,202507020405,33.24091903136041,129.850727,,,1,0,0,0,0,0,0,0,0,0
89,,9811320,1,20250702,405,0,0,0,,,,,0,0,0,,,,,3,202507020405,33.45989003167844,130.040128,,,0,0,0,0,0,0,0,0,0,0
89,,9811330,1,20250702,405,5,0,0,,,,,0,2,0,,,,,3,202507020405,33.38450403156936,129.984455,,,0,0,0,0,0,0,0,0,0,0
89,,9811340,1,20250702,405,2,1,0,,,,,1,0,0,,,,,6,202507020405,33.31161503146347,130.070351,,,0,0,0,0,0,0,0,0,0,0
89,,9811350,1,20250702,405,2,0,0,,,,,0,0,0,,,,,3,202507020405,33.304966031453795,130.076971,,,0,0,0,0,0,0,0,0,0,0
89,,9811360,1,20250702,405,3,1,0,,,,,3,2,0,,,,,3,202507020405,33.29002103143203,130.168151,,,0,0,0,0,0,0,0,0,0,0
89,,9811370,1,20250702,405,0,0,0,,,,,0,0,0,,,,,3,202507020405,33.327444031486486,130.034833,,,0,0,0,0,0,0,0,0,0,0
89,,9811380,1,20250702,405,,,,,,,,,,,,,,,3,202507020405,33.29362203143727,130.116435,,,1,0,0,0,0,0,0,0,0,0
89,,9811390,1,20250702,405,1,3,0,,,,,2,1,0,,,,,3,202507020405,33.03691103106103,129.918279,,,0,0,0,0,0,0,0,0,0,0
89,,9811400,1,20250702,405,0,1,0,,,,,1,0,0,,,,,3,202507020405,32.90829103087079,130.661481,,,0,0,0,0,0,0,0,0,0,0
89,,9811410,1,20250702,405,1,0,0,,,,,0,0,0,,,,,3,202507020405,33.01722203103198,130.439722,,,0,0,0,0,0,0,0,0,0,0
89,,9811420,1,20250702,405,1,1,0,,,,,2,1,0,,,,,3,202507020405,33.05710503109079,130.465234,,,0,0,0,0,0,0,0,0,0,0
89,,9811430,1,20250702,405,,,,,,,,,,,,,,,3,202507020405,33.176714031266506,130.407839,,,1,0,0,0,0,0,0,0,0,0
89,,9811450,1,20250702,405,,,,,,,,,,,,,,,3,202507020405,33.01280003102545,130.425184,,,1,0,0,0,0,0,0,0,0,0
89,,9811460,1,20250702,405,0,0,0,,,,,0,0,0,,,,,3,202507020405,33.140861031213944,130.422417,,,0,0,0,0,0,0,0,0,0,0
89,,9811461,1,20250702,405,0,0,0,,,,,2,1,0,,,,,3,202507020405,33.184560031278004,130.387933,,,0,0,0,0,0,0,0,0,0,0
89,,9811470,1,20250702,405,0,0,0,,,,,2,2,0,,,,,3,202507020405,33.0462530310748,130.431406,,,0,0,0,0,0,0,0,0,0,0
89,,9811480,1,20250702,405,2,0,0,,,,,0,0,0,,,,,3,202507020405,33.055717031088754,130.4292,,,0,0,0,0,0,0,0,0,0,0
89,,9811490,1,20250702,405,0,0,0,,,,,6,2,0,,,,,3,202507020405,33.069783031109466,130.42405,,,0,0,0,0,0,0,0,0,0,0
89,,9811500,1,20250702,405,2,1,0,,,,,0,0,0,,,,,3,202507020405,33.077520031120855,130.428242,,,0,0,0,0,0,0,0,0,0,0
89,,9811510,1,20250702,405,0,1,0,,,,,0,1,0,,,,,3,202507020405,33.08238303112801,130.433017,,,0,0,0,0,0,0,0,0,0,0
89,,9811520,1,20250702,405,0,0,0,,,,,0,0,0,,,,,3,202507020405,33.11826103118075,130.430375,,,0,0,0,0,0,0,0,0,0,0
89,,9811540,1,20250702,405,3,0,0,,,,,1,2,0,,,,,3,202507020405,33.15753403123839,130.478771,,,0,0,0,0,0,0,0,0,0,0
89,,9811550,1,20250702,405,,,,,,,,,,,,,,,3,202507020405,33.22942603134362,130.505954,,,1,0,0,0,0,0,0,0,0,0
89,,9811560,1,20250702,405,0,0,0,,,,,0,0,0,,,,,3,202507020405,33.23505203135184,130.507151,,,0,0,0,0,0,0,0,0,0,0
89,,9811570,1,20250702,405,0,0,0,,,,,0,0,0,,,,,3,202507020405,33.24799503137074,130.509483,,,0,0,0,0,0,0,0,0,0,0
89,,9811580,1,20250702,405,0,0,0,,,,,0,0,0,,,,,3,202507020405,33.25651503138319,130.509461,,,0,0,0,0,0,0,0,0,0,0
89,,9811590,1,20250702,405,,,,,,,,,,,,,,,3,202507020405,33.31995703147561,130.594037,,,1,0,0,0,0,0,0,0,0,0
89,,9811600,1,20250702,405,0,0,0,,,,,1,0,0,,,,,3,202507020405,33.345255031512394,130.730893,,,0,0,0,0,0,0,0,0,0,0
89,,9811610,1,20250702,405,0,1,0,,,,,1,0,0,,,,,3,202507020405,33.3437500315102,130.752694,,,0,0,0,0,0,0,0,0,0,0
89,,9811620,1,20250702,405,,,,,,,,,,,,,,,3,202507020405,33.33338803149515,130.801953,,,1,0,0,0,0,0,0,0,0,0
89,,9811630,1,20250702,405,0,2,0,,,,,2,3,0,,,,,3,202507020405,33.33357603149542,130.817928,,,0,0,0,0,0,0,0,0,0,0
89,,9811640,1,20250702,405,2,2,0,,,,,1,3,0,,,,,3,202507020405,33.33658103149978,130.839667,,,0,0,0,0,0,0,0,0,0,0
89,,9811650,1,20250702,405,0,2,0,,,,,1,6,0,,,,,3,202507020405,33.331960031493075,130.852326,,,0,0,0,0,0,0,0,0,0,0
89,,9811660,1,20250702,405,0,1,0,,,,,0,0,0,,,,,3,202507020405,33.307732031457824,130.915379,,,0,0,0,0,0,0,0,0,0,0
89,,9811670,1,20250702,405,2,4,0,,,,,2,2,0,,,,,3,202507020405,33.29883403144486,130.938844,,,0,0,0,0,0,0,0,0,0,0
89,,9811680,1,20250702,405,1,3,0,,,,,1,2,0,,,,,3,202507020405,33.29818903144393,130.952388,,,0,0,0,0,0,0,0,0,0,0
89,,9811690,1,20250702,405,2,3,0,,,,,1,1,0,,,,,3,202507020405,33.29921203144541,130.96937,,,0,0,0,0,0,0,0,0,0,0
89,,9811700,1,20250702,405,1,0,0,,,,,0,2,0,,,,,3,202507020405,33.261645031390664,131.01058,,,0,0,0,0,0,0,0,0,0,0
89,,9811710,1,20250702,405,0,2,0,,,,,0,2,0,,,,,3,202507020405,33.28000003141744,131.128611,,,0,0,0,0,0,0,0,0,0,0
89,,9811720,1,20250702,405,0,0,0,,,,,0,3,0,,,,,3,202507020405,33.237877031355964,131.175263,,,0,0,0,0,0,0,0,0,0,0
89,,9811730,1,20250702,405,0,0,0,,,,,0,0,0,,,,,3,202507020405,33.2405000313598,131.224187,,,0,0,0,0,0,0,0,0,0,0
89,,9811740,1,20250702,405,0,2,0,,,,,0,1,0,,,,,3,202507020405,33.25496403138093,131.328533,,,0,0,0,0,0,0,0,0,0,0
89,,9811750,1,20250702,405,0,3,0,,,,,3,1,0,,,,,3,202507020405,33.23715803135492,131.323213,,,0,0,0,0,0,0,0,0,0,0
89,,9811760,1,20250702,405,0,7,0,,,,,0,0,0,,,,,3,202507020405,33.18331803127619,131.452171,,,0,0,0,0,0,0,0,0,0,0
89,,9811770,1,20250702,405,,,,,,,,,,,,,,,3,202507020405,31.760789029127036,131.4707,,,1,0,0,0,0,0,0,0,0,0
89,,9811780,1,20250702,405,,,,,,,,,,,,,,,3,202507020405,31.559046028812634,131.38327000000004,,,1,0,0,0,0,0,0,0,0,0
89,,9811790,1,20250702,405,,,,,,,,,,,,,,,3,202507020405,31.547715028794922,131.378628,,,1,0,0,0,0,0,0,0,0,0
89,,9811810,1,20250702,405,,,,,,,,,,,,,,,3,202507020405,31.45214102864519,131.212192,,,1,0,0,0,0,0,0,0,0,0
89,,9811820,1,20250702,405,,,,,,,,,,,,,,,3,202507020405,31.46555602866623,131.154444,,,1,0,0,0,0,0,0,0,0,0
89,,9811830,1,20250702,405,,,,,,,,,,,,,,,3,202507020405,31.447659028638157,131.051761,,,1,0,0,0,0,0,0,0,0,0
89,,9811840,1,20250702,405,,,,,,,,,,,,,,,3,202507020405,31.388108028544615,130.811533,,,1,0,0,0,0,0,0,0,0,0
89,,9811850,1,20250702,405,,,,,,,,,,,,,,,3,202507020405,31.41813502859181,130.764377,,,1,0,0,0,0,0,0,0,0,0
89,,9811860,1,20250702,405,,,,,,,,,,,,,,,3,202507020405,31.542976028787507,130.706877,,,1,0,0,0,0,0,0,0,0,0
89,,9811870,1,20250702,405,,,,,,,,,,,,,,,3,202507020405,31.557778028810663,130.718333,,,1,0,0,0,0,0,0,0,0,0
89,,9811880,1,20250702,405,,,,,,,,,,,,,,,3,202507020405,31.647658028950993,130.819552,,,1,0,0,0,0,0,0,0,0,0
89,,9811890,1,20250702,405,,,,,,,,,,,,,,,3,202507020405,31.413693028584817,130.760963,,,1,0,0,0,0,0,0,0,0,0
89,,9811900,1,20250702,405,,,,,,,,,,,,,,,3,202507020405,31.27982902837409,130.291795,,,1,0,0,0,0,0,0,0,0,0
89,,9811910,1,20250702,405,1,1,0,,,,,0,0,0,,,,,3,202507020405,31.2913800283923,130.293564,,,0,0,0,0,0,0,0,0,0,0
89,,9811920,1,20250702,405,0,0,0,,,,,0,0,0,,,,,3,202507020405,31.327343028448986,130.334728,,,0,0,0,0,0,0,0,0,0,0
89,,9811930,1,20250702,405,1,0,0,,,,,0,0,0,,,,,3,202507020405,31.494637028711818,130.506308,,,0,0,0,0,0,0,0,0,0,0
89,,9811940,1,20250702,405,0,0,0,,,,,0,0,0,,,,,3,202507020405,31.527877028763886,130.521631,,,0,0,0,0,0,0,0,0,0,0
89,,9811950,1,20250702,405,1,0,0,,,,,0,0,0,,,,,3,202507020405,31.289730028389716,130.60717200000002,,,0,0,0,0,0,0,0,0,0,0
89,,9811960,1,20250702,405,1,1,0,,,,,0,0,0,,,,,3,202507020405,31.323917028443603,130.564308,,,0,0,0,0,0,0,0,0,0,0
89,,9811970,1,20250702,405,,,,,,,,,,,,,,,3,202507020405,31.466390028667544,130.513245,,,1,0,0,0,0,0,0,0,0,0
89,,9811980,1,20250702,405,2,0,0,,,,,0,0,0,,,,,3,202507020405,33.34976603151893,129.764492,,,0,0,0,0,0,0,0,0,0,0
89,,9812010,1,20250702,405,2,3,0,,,,,1,0,0,,,,,3,202507020405,33.13956403121204,129.784069,,,0,0,0,0,0,0,0,0,0,0
89,,9812020,1,20250702,405,,,,,,,,,,,,,,,3,202507020405,33.28640603142677,130.150153,,,1,0,0,0,0,0,0,0,0,0
89,,9812030,1,20250702,405,1,2,0,,,,,1,4,0,,,,,3,202507020405,33.0852950311323,131.637799,,,0,0,0,0,0,0,0,0,0,0
89,,9812040,1,20250702,405,1,0,0,,,,,0,0,0,,,,,3,202507020405,32.56861103036308,131.553056,,,0,0,0,0,0,0,0,0,0,0
89,,9812050,1,20250702,405,3,3,0,,,,,0,2,0,,,,,3,202507020405,33.55027803180869,130.478333,,,0,0,0,0,0,0,0,0,0,0
89,,9812060,1,20250702,405,1,3,0,,,,,0,0,0,,,,,3,202507020405,32.92625003089743,131.00539,,,0,0,0,0,0,0,0,0,0,0
89,,9812070,1,20250702,405,,,,,,,,,,,,,,,3,202507020405,32.90000003085849,130.933611,,,1,0,0,0,0,0,0,0,0,0
89,,9812080,1,20250702,405,2,3,0,,,,,1,1,0,,,,,3,202507020405,33.27595303141153,130.319462,,,0,0,0,0,0,0,0,0,0,0
89,,9812090,1,20250702,405,,,,,,,,,,,,,,,3,202507020405,33.59653803187511,130.611685,,,1,,,,,,,,,
89,,9812100,1,20250702,405,3,1,0,,,,,0,1,0,,,,,3,202507020405,33.05235003108379,130.430417,,,0,0,0,0,0,0,0,0,0,0
89,,9812110,1,20250702,405,0,0,0,,,,,0,0,0,,,,,3,202507020405,33.15888903124039,129.761111,,,0,0,0,0,0,0,0,0,0,0
89,,9812120,1,20250702,405,0,1,0,,,,,5,0,0,,,,,3,202507020405,31.737096029090242,130.677414,,,0,0,0,0,0,0,0,0,0,0
89,,9812130,1,20250702,405,3,3,0,,,,,4,5,0,,,,,3,202507020405,33.32114903147733,130.391671,,,0,0,0,0,0,0,0,0,0,0
89,,9812140,1,20250702,405,0,0,0,,,,,0,0,0,,,,,3,202507020405,32.733917030611096,130.31245,,,0,0,0,0,0,0,0,0,0,0
90,,10810050,1,20250702,405,0,0,0,,,,,1,1,0,,,,,3,202507020405,26.69152402083745,128.108879,,,0,,,,,,,,,
90,,10810060,1,20250702,405,0,0,0,,,,,0,0,0,,,,,3,202507020405,26.634931020743306,128.037283,,,0,,,,,,,,,
90,,10810070,1,20250702,405,0,0,0,,,,,0,0,0,,,,,3,202507020405,26.60195202068847,127.99972500000001,,,0,,,,,,,,,
90,,10810080,1,20250702,405,0,0,0,,,,,0,0,0,,,,,3,202507020405,26.583164020657225,127.99781300000001,,,0,,,,,,,,,
90,,10810090,1,20250702,405,0,0,0,,,,,2,0,0,,,,,3,202507020405,26.573059020640425,127.989432,,,0,,,,,,,,,
90,,10810100,1,20250702,405,2,1,0,,,,,1,0,0,,,,,3,202507020405,26.558695020616547,127.976575,,,0,,,,,,,,,
90,,10810110,1,20250702,405,9,2,0,,,,,0,0,0,,,,,3,202507020405,26.547043020597176,127.96594700000001,,,0,,,,,,,,,
90,,10810120,1,20250702,405,2,17,0,,,,,2,0,0,,,,,3,202507020405,26.545420020594484,127.96513700000001,,,0,,,,,,,,,
90,,10810130,1,20250702,405,0,0,0,,,,,0,0,0,,,,,3,202507020405,26.541292020587623,127.95978,,,0,,,,,,,,,
90,,10810140,1,20250702,405,4,0,0,,,,,6,0,0,,,,,3,202507020405,26.536514020579673,127.935453,,,0,,,,,,,,,
90,,10810150,1,20250702,405,1,0,0,,,,,0,0,0,,,,,3,202507020405,26.51382402054197,127.901775,,,0,,,,,,,,,
90,,10810160,1,20250702,405,1,0,0,,,,,2,0,0,,,,,3,202507020405,26.503684020525117,127.87991000000001,,,0,,,,,,,,,
90,,10810170,1,20250702,405,0,0,0,,,,,0,0,0,,,,,3,202507020405,26.49844302051641,127.86208000000002,,,0,,,,,,,,,
90,,10810180,1,20250702,405,0,0,0,,,,,2,1,0,,,,,3,202507020405,26.48233402048965,127.85135699999998,,,0,,,,,,,,,
90,,10810190,1,20250702,405,0,0,0,,,,,0,0,0,,,,,3,202507020405,26.44345902042506,127.805583,,,0,,,,,,,,,
90,,10810200,1,20250702,405,,,,,,,,,,,,,,,3,202507020405,26.338860020251406,127.7508,,,1,,,,,,,,,
90,,10810220,1,20250702,405,0,0,0,,,,,0,0,0,,,,,3,202507020405,26.26837002013446,127.73051999999998,,,0,,,,,,,,,
90,,10810230,1,20250702,405,3,0,0,,,,,11,1,0,,,,,3,202507020405,26.266310020131048,127.72327,,,0,,,,,,,,,
90,,10810240,1,20250702,405,8,0,0,,,,,2,0,0,,,,,3,202507020405,26.269040020135566,127.72616000000001,,,0,,,,,,,,,
90,,10810260,1,20250702,405,1,0,0,,,,,0,0,0,,,,,3,202507020405,26.273440020142868,127.71261000000001,,,0,,,,,,,,,
90,,10810270,1,20250702,405,1,1,0,,,,,1,0,0,,,,,3,202507020405,26.451180020437896,127.89631,,,0,,,,,,,,,
90,,10810280,1,20250702,405,0,1,0,,,,,4,0,0,,,,,3,202507020405,26.4491400204345,127.849893,,,0,,,,,,,,,
90,,10810290,1,20250702,405,0,0,0,,,,,0,0,0,,,,,3,202507020405,26.448972020434223,127.90855300000001,,,0,,,,,,,,,
90,,10810300,1,20250702,405,5,1,0,,,,,1,4,0,,,,,3,202507020405,26.30711002019872,127.81338,,,0,,,,,,,,,
90,,10810310,1,20250702,405,5,0,0,,,,,0,0,0,,,,,3,202507020405,26.287560020166286,127.81449,,,0,,,,,,,,,
90,,10810320,1,20250702,405,6,5,0,,,,,0,2,0,,,,,3,202507020405,26.22351002006007,127.76571,,,0,,,,,,,,,
90,,10810330,1,20250702,405,0,0,0,,,,,0,5,0,,,,,3,202507020405,26.200760020022358,127.75174999999999,,,0,,,,,,,,,
90,,10810340,1,20250702,405,11,0,0,,,,,9,0,0,,,,,3,202507020405,26.25841002011794,127.75767000000002,,,0,,,,,,,,,
90,,10810350,1,20250702,405,10,0,0,,,,,0,0,0,,,,,3,202507020405,26.24962002010336,127.74765,,,0,,,,,,,,,
90,,10810360,1,20250702,405,11,0,0,,,,,13,3,0,,,,,3,202507020405,26.25443002011134,127.73508000000001,,,0,,,,,,,,,
90,,10810370,1,20250702,405,13,0,0,,,,,4,1,0,,,,,3,202507020405,26.25456002011155,127.72416000000001,,,0,,,,,,,,,
90,,10810380,1,20250702,405,5,8,0,,,,,6,0,0,,,,,3,202507020405,26.169530019970612,127.65168,,,0,,,,,,,,,
90,,10810390,1,20250702,405,10,2,0,,,,,5,0,0,,,,,3,202507020405,26.154010019944888,127.65812,,,0,,,,,,,,,
90,,10810400,1,20250702,405,1,0,0,,,,,0,0,0,,,,,3,202507020405,26.130710019906292,127.66514,,,0,,,,,,,,,
90,,10810410,1,20250702,405,0,0,0,,,,,0,0,0,,,,,3,202507020405,26.11574001988149,127.66860000000001,,,0,,,,,,,,,
90,,10810420,1,20250702,405,0,0,0,,,,,0,0,0,,,,,3,202507020405,26.09400001984549,127.71590000000002,,,0,,,,,,,,,
90,,10810430,1,20250702,405,0,0,0,,,,,0,0,0,,,,,3,202507020405,26.128730019903006,127.75918999999999,,,0,,,,,,,,,
90,,10810440,1,20250702,405,0,1,0,,,,,2,0,0,,,,,3,202507020405,26.140140019921905,127.77529,,,0,,,,,,,,,
90,,10810450,1,20250702,405,0,0,0,,,,,0,0,0,,,,,3,202507020405,26.170060019971476,127.8265,,,0,,,,,,,,,
90,,10810460,1,20250702,405,0,0,0,,,,,1,0,0,,,,,3,202507020405,26.20426002002816,127.652556,,,0,,,,,,,,,
90,,10810470,1,20250702,405,0,0,0,,,,,0,0,0,,,,,3,202507020405,26.209250020036425,127.73744999999998,,,0,,,,,,,,,
90,,10810480,1,20250702,405,0,0,0,,,,,0,0,0,,,,,3,202507020405,26.18171001999079,127.73158000000001,,,0,,,,,,,,,
90,,10810490,1,20250702,405,0,0,0,,,,,0,3,0,,,,,3,202507020405,26.17543001998038,127.70638000000001,,,0,,,,,,,,,
90,,10810510,1,20250702,405,,,,,,,,,,,,,,,3,202507020405,26.17208001997483,127.69662,,,1,,,,,,,,,
90,,10810520,1,20250702,405,,,,,,,,,,,,,,,3,202507020405,26.17121001997338,127.67963999999999,,,1,,,,,,,,,
